energy0
44.99765427 0.006090829078 12 (0.0060908)
51.0234751 0.008202050664 5 (0.0082021)
65.03912516 0.0003360822811 14 (0.00033608)
79.01838972 4.643991974e-06 19 (4.644e-06)
95.01330434 0.002154605368 20 (0.0021546)
95.04968984 0.003818191184 7 (0.0038182)
155.0609232 0.001725982039 11 (0.001726)
157.0401878 8.864886339e-05 6 (8.8649e-05)
159.0558378 3.631177689e-06 22 (3.6312e-06)
169.0765733 5.819609774e-05 24 (5.8196e-05)
175.0507525 0.0004167713375 18 (0.00041677)
175.087138 3.220855283e-05 21 (3.2209e-05)
183.0558378 4.533450136e-05 16 (4.5335e-05)
195.0922234 0.01631439628 9 (0.016314)
199.0507525 0.02673824024 17 (0.026738)
199.087138 0.01814327992 23 (0.018143)
209.0714879 0.07244671087 10 (0.072447)
221.0714879 0.567057068 2 (0.56706)
225.0664025 0.02900273911 3 4 (0.024162 0.0048403)
225.102788 1.33583463 8 (1.3358)
239.0820526 0.5709751779 13 (0.57098)
243.0769672 0.03823066162 25 26 (0.026846 0.011384)
251.0820526 45.20652698 1 (45.207)
253.0613171 0.3068117712 15 (0.30681)
269.0926173 51.78894117 0 (51.789)
energy1
44.99765427 0.0298194323 12 (0.029819)
51.0234751 0.03214909548 5 (0.032149)
65.03912516 0.1243077989 14 (0.12431)
79.01838972 0.0004496911659 19 (0.00044969)
95.01330434 0.03697991639 20 (0.03698)
95.04968984 0.9964135105 7 (0.99641)
155.0609232 0.006018595627 11 (0.0060186)
157.0401878 0.1190367045 6 (0.11904)
159.0558378 0.003471801116 22 (0.0034718)
169.0765733 0.01371895659 24 (0.013719)
175.0507525 0.03189140916 18 (0.031891)
175.087138 0.01198979197 21 (0.01199)
183.0558378 0.003176282527 16 (0.0031763)
195.0922234 0.4414016622 9 (0.4414)
199.0507525 0.01511771495 17 (0.015118)
199.087138 0.4129887959 23 (0.41299)
209.0714879 1.356605137 10 (1.3566)
221.0714879 8.399910911 2 (8.3999)
225.0664025 0.1618198016 4 3 (0.090846 0.070974)
225.102788 10.67738039 8 (10.677)
239.0820526 1.950083191 13 (1.9501)
243.0769672 0.3044604902 26 25 (0.21227 0.092186)
251.0820526 52.58814315 1 (52.588)
253.0613171 0.462804702 15 (0.4628)
269.0926173 21.81986106 0 (21.82)
energy2
44.99765427 0.1770154184 12 (0.17702)
51.0234751 3.171017217 5 (3.171)
65.03912516 0.6804527872 14 (0.68045)
79.01838972 0.1422689814 19 (0.14227)
95.01330434 0.1740246424 20 (0.17402)
95.04968984 1.007251462 7 (1.0073)
155.0609232 0.8924522014 11 (0.89245)
157.0401878 1.806258802 6 (1.8063)
159.0558378 0.1590614117 22 (0.15906)
169.0765733 0.6055670403 24 (0.60557)
175.0507525 0.6322447139 18 (0.63224)
175.087138 0.05393598263 21 (0.053936)
183.0558378 1.445527705 16 (1.4455)
195.0922234 1.418163447 9 (1.4182)
199.0507525 0.5504315841 17 (0.55043)
199.087138 1.338167785 23 (1.3382)
209.0714879 10.6843737 10 (10.684)
221.0714879 30.20414336 2 (30.204)
225.0664025 2.531418301 3 4 (1.3152 1.2162)
225.102788 2.623549821 8 (2.6235)
239.0820526 1.85940154 13 (1.8594)
243.0769672 0.253606834 26 25 (0.18633 0.067276)
251.0820526 32.60308413 1 (32.603)
253.0613171 3.493485496 15 (3.4935)
269.0926173 1.493095647 0 (1.4931)

0 269.0926173 COC1=C2N=C3C(C(=O)O)=CC=CC3=NC2=C(C)C=C1
1 251.0820526 C=c1ccc(OC)c2nc3c(cccc3=C=[OH+])nc12
2 221.0714879 C=c1cccc2nc3c(cccc3=C=[OH+])nc12
3 225.0664025 C#Cc1nc2cccc(=C=[OH+])c2nc1=COC
4 225.0664025 C#CC(OC)=c1cnc2cccc(=C=[OH+])c2n1
5 51.0234751 C#C[CH+]#C
6 157.0401878 [OH+]=C=c1cccc2c1=NC=C=N2
7 95.04968984 C#CC#CC[OH+]C
8 225.102788 C[OH+]c1ccc(C)c2nc3ccccc3nc12
9 195.0922234 [CH4+]c1cccc2nc3ccccc3nc12
10 209.0714879 CC1=c2nc3c(nc2C(=[OH+])C=C1)=C=CC=C3
11 155.0609232 C=[CH+]=c1cnc2c(n1)C=CC=C=2
12 44.99765427 O=C=[OH+]
13 239.0820526 Cc1cccc2nc3c(cccc3C(O)=[OH+])nc12
14 65.03912516 C#[CH+]C#CC
15 253.0613171 C=C1C=CC(=O)c2nc3c(cccc3C(O)=[OH+])nc21
16 183.0558378 C#Cc1cnc2c(n1)C(=C)C=CC2=[OH+]
17 199.0507525 C#Cc1cnc2c(cccc2C(O)=[OH+])n1
18 175.0507525 OC(=[OH+])c1cccc2nccnc21
19 79.01838972 C#CC#CC=[OH+]
20 95.01330434 C#CC#CC(O)=[OH+]
21 175.087138 C[OH+]c1ccc(C)c2nccnc12
22 159.0558378 CC1=C2N=C=CN=C2C(=[OH+])C=C1
23 199.087138 C#Cc1cnc2c([OH+]C)ccc(C)c2n1
24 169.0765733 [CH2+]#Cc1cnc2cccc(C)c2n1
25 243.0769672 C=C=c1nc2cccc(C(O)=[OH+])c2nc1=COC
26 243.0769672 C#CC(OC)=C1CN=c2cccc(C(O)=[OH+])c2=N1
