energy0
17.03912516 0.03343250606 11 (0.033433)
27.0234751 3.35947554e-05 18 (3.3595e-05)
51.0234751 0.0004644395368 5 (0.00046444)
57.03403978 0.003201215502 16 (0.0032012)
81.03403978 0.004874662261 10 (0.0048747)
105.0452732 1.531361146e-07 20 (1.5314e-07)
129.0452732 2.245615222e-05 19 9 (1.7017e-05 5.439e-06)
145.0401878 6.383531175e-05 13 (6.3835e-05)
155.0609232 0.0002385354609 7 (0.00023854)
159.0558378 9.035171012e-05 17 (9.0352e-05)
161.0714879 0.0006534821735 15 (0.00065348)
169.0401878 0.0001691190696 14 (0.00016912)
179.0609232 0.05987186943 2 (0.059872)
181.0765733 0.003363524059 3 (0.0033635)
185.0714879 0.0794809982 6 (0.079481)
195.0558378 0.04579489647 4 (0.045795)
209.0714879 5.71056677 8 (5.7106)
211.087138 0.9914227158 1 (0.99142)
225.0664025 0.4755863476 12 (0.47559)
241.0977027 92.59066853 0 (92.591)
energy1
17.03912516 0.009984206107 11 (0.0099842)
27.0234751 7.88590202e-05 18 (7.8859e-05)
51.0234751 0.2191400948 5 (0.21914)
57.03403978 0.2456998114 16 (0.2457)
81.03403978 1.508855909 10 (1.5089)
105.0452732 0.0001011592291 20 (0.00010116)
129.0452732 0.03769532027 9 19 (0.037384 0.00031154)
145.0401878 0.01847997257 13 (0.01848)
155.0609232 0.01138350485 7 (0.011384)
159.0558378 0.0008306275869 17 (0.00083063)
161.0714879 0.07700734878 15 (0.077007)
169.0401878 0.002190573323 14 (0.0021906)
179.0609232 2.946387169 2 (2.9464)
181.0765733 0.1498628765 3 (0.14986)
185.0714879 0.2969186185 6 (0.29692)
195.0558378 0.6281850918 4 (0.62819)
209.0714879 22.4280495 8 (22.428)
211.087138 5.915438368 1 (5.9154)
225.0664025 0.9898161278 12 (0.98982)
241.0977027 64.51389486 0 (64.514)
energy2
17.03912516 0.1684300622 11 (0.16843)
27.0234751 0.2175951696 18 (0.2176)
51.0234751 1.484283483 5 (1.4843)
57.03403978 0.04309172755 16 (0.043092)
81.03403978 1.153136666 10 (1.1531)
105.0452732 0.2847655457 20 (0.28477)
129.0452732 1.694362043 19 9 (0.95819 0.73617)
145.0401878 2.217025865 13 (2.217)
155.0609232 1.740825983 7 (1.7408)
159.0558378 0.7774350248 17 (0.77744)
161.0714879 1.014286985 15 (1.0143)
169.0401878 4.119949617 14 (4.1199)
179.0609232 17.1322934 2 (17.132)
181.0765733 0.605062668 3 (0.60506)
185.0714879 5.072319514 6 (5.0723)
195.0558378 15.59929516 4 (15.599)
209.0714879 22.6486687 8 (22.649)
211.087138 5.889744062 1 (5.8897)
225.0664025 11.93427813 12 (11.934)
241.0977027 6.203150182 0 (6.2032)

0 241.0977027 COC1=CC=CC2=NC3=C(C=CC=C3OC)N=C12
1 211.087138 C[OH+]C1=C2NC3C=CC=C=C3N=C2C=C=C1
2 179.0609232 C1=CC=[CH+]2N=C3C=CC=C=C3N=C2C=1
3 181.0765733 C1=CC=[CH+]2NC3C=CC=C=C3N=C2C=1
4 195.0558378 [OH+]=C1C=C=Cc2nc3ccccc3nc21
5 51.0234751 C#CC#[CH2+]
6 185.0714879 C#CC1=CN=C2C=C=CC([OH+]C)=C2N1
7 155.0609232 C#[CH+]c1cnc2ccccc2n1
8 209.0714879 C[OH+]C1=c2nc3c(nc2C=C=C1)=C=CC=C3
9 129.0452732 C1=CC=CC2=N[CH2+]=C=NC=12
10 81.03403978 C#CC#C[OH+]C
11 17.03912516 [CH5+]
12 225.0664025 C[OH+]c1cccc2nc3c(nc21)C=C=CC3=O
13 145.0401878 [OH+]=C1C=C=Cc2nccnc21
14 169.0401878 C#Cc1cnc2c(n1)C(=[OH+])C=C=C2
15 161.0714879 C[OH+]C1=C2NC=CN=C2C=C=C1
16 57.03403978 C#C[OH+]C
17 159.0558378 C[OH+]C1=C2N=C=CN=C2C=C=C1
18 27.0234751 C#[CH2+]
19 129.0452732 C#Cc1cnc(C#[CH2+])cn1
20 105.0452732 [CH2+]#Cc1cnccn1
