energy0
27.0234751 3.395211751e-05 13 (3.3952e-05)
51.0234751 0.01577956668 2 (0.01578)
53.01397303 6.37689551e-08 9 (6.3769e-08)
53.03912516 4.665206772e-05 6 (4.6652e-05)
57.03403978 0.003212605699 11 (0.0032126)
79.05477522 9.431132782e-08 10 (9.4311e-08)
81.03403978 0.004806416477 8 (0.0048064)
129.0452732 0.0001024750176 12 14 15 (9.2483e-05 6.6582e-06 3.3335e-06)
131.0609232 0.0007216274575 3 (0.00072163)
153.0452732 0.0003756156554 5 (0.00037562)
155.0609232 0.08019152485 4 (0.080192)
161.0714879 0.000416600065 18 (0.0004166)
179.0609232 5.78214364 7 (5.7821)
181.0765733 1.048477063 1 (1.0485)
185.0714879 0.0307469851 16 17 (0.015488 0.015259)
211.087138 93.03294512 0 (93.033)
energy1
27.0234751 8.296508818e-05 13 (8.2965e-05)
51.0234751 0.4999663555 2 (0.49997)
53.01397303 1.087308759e-05 9 (1.0873e-05)
53.03912516 0.001812442129 6 (0.0018124)
57.03403978 0.2457649213 11 (0.24576)
79.05477522 4.020156279e-05 10 (4.0202e-05)
81.03403978 1.379890791 8 (1.3799)
129.0452732 0.002557008374 12 14 15 (0.0012117 0.00089132 0.00045394)
131.0609232 0.0961554322 3 (0.096155)
153.0452732 0.05043024126 5 (0.05043)
155.0609232 0.3304832372 4 (0.33048)
161.0714879 0.01254978273 18 (0.01255)
179.0609232 24.93201039 7 (24.932)
181.0765733 7.14697681 1 (7.147)
185.0714879 0.7637175977 16 17 (0.39685 0.36687)
211.087138 64.53755095 0 (64.538)
energy2
27.0234751 0.4974971209 13 (0.4975)
51.0234751 14.87464225 2 (14.875)
53.01397303 0.106286324 9 (0.10629)
53.03912516 1.488540361 6 (1.4885)
57.03403978 0.05076222678 11 (0.050762)
79.05477522 0.1777557833 10 (0.17776)
81.03403978 0.4856831741 8 (0.48568)
129.0452732 2.41865577 12 14 15 (1.9388 0.30882 0.17105)
131.0609232 3.420098187 3 (3.4201)
153.0452732 0.9731252208 5 (0.97313)
155.0609232 10.23353849 4 (10.234)
161.0714879 0.4039739273 18 (0.40397)
179.0609232 40.69498855 7 (40.695)
181.0765733 14.93304626 1 (14.933)
185.0714879 1.110064707 16 17 (0.61833 0.49174)
211.087138 8.131341647 0 (8.1313)

0 211.087138 COC1=CC=CC2=C1N=C1C=CC=CC1=N2
1 181.0765733 C1=CC=[CH+]2NC3C=CC=C=C3N=C2C=1
2 51.0234751 C#CC#[CH2+]
3 131.0609232 C1=CC=[CH+]2NC=CN=C2C=1
4 155.0609232 [CH2+]#CC1=CN=C2C=C=CC=C2N1
5 153.0452732 [CH2+]#CC1=C=NC2=C=CC=CC2=N1
6 53.03912516 C=CC#[CH2+]
7 179.0609232 C1=CC=[CH+]2N=C3C=CC=C=C3N=C2C=1
8 81.03403978 C#CC#C[OH+]C
9 53.01397303 N#CC#[NH+]
10 79.05477522 C1=CC=[CH2+]C=C1
11 57.03403978 C#C[OH+]C
12 129.0452732 C1=CC=[CH+]2N=C=CN=C2C=1
13 27.0234751 C#[CH2+]
14 129.0452732 C#Cc1cnc(C#[CH2+])cn1
15 129.0452732 C#Cc1cncc(C#[CH2+])n1
16 185.0714879 C#Cc1cnc2cccc([OH+]C)c2n1
17 185.0714879 C#Cc1cnc2c(cccc2[OH+]C)n1
18 161.0714879 C[OH+]c1cccc2nccnc21
