energy0
18.03437413 0.08719743795 13 (0.087197)
28.01872406 0.0008965017801 22 (0.0008965)
41.03912516 0.004559814397 6 (0.0045598)
44.01363868 0.01187928277 4 (0.011879)
51.0234751 0.01310881738 2 (0.013109)
53.03912516 0.01411278547 10 (0.014113)
78.03437413 6.523442228e-05 27 (6.5234e-05)
79.01838972 0.0004993333426 20 (0.00049933)
92.05002419 0.0002967264029 39 (0.00029673)
94.02928875 0.001178125964 42 (0.0011781)
96.04493881 0.000863338034 43 (0.00086334)
116.0500242 0.0001362311549 40 (0.00013623)
143.0609232 0.0826357263 7 (0.082636)
155.0609232 0.02077692672 3 (0.020777)
157.0401878 5.308765708e-05 16 (5.3088e-05)
157.0765733 0.01597732373 12 8 (0.015839 0.00013833)
159.0558378 7.633563995e-05 30 (7.6336e-05)
167.0609232 0.007123249696 11 9 (0.0055153 0.0016079)
176.0823869 0.0003182688444 32 (0.00031827)
181.0765733 4.540634638 1 (4.5406)
182.0718223 0.0018727962 23 25 (0.0013651 0.00050773)
183.0558378 0.008029007817 15 17 18 19 (0.0048474 0.0013481 0.0013481 0.00048529)
183.0922234 0.6488106934 5 (0.64881)
186.0667369 0.01575531107 28 (0.015755)
192.0561722 0.001367481982 24 (0.0013675)
198.0667369 0.008166785989 33 37 (0.0040834 0.0040834)
200.0823869 0.07061505759 29 41 34 36 38 (0.029844 0.011566 0.010874 0.010874 0.0074572)
208.0874723 5.46507136 21 (5.4651)
209.0714879 24.69375169 14 (24.694)
210.0667369 0.06507014404 31 35 (0.057637 0.0074327)
226.098037 64.21910049 0 (64.219)
energy1
18.03437413 0.005938252663 13 (0.0059383)
28.01872406 0.003258260077 22 (0.0032583)
41.03912516 0.0172056957 6 (0.017206)
44.01363868 0.05566310923 4 (0.055663)
51.0234751 0.2057976043 2 (0.2058)
53.03912516 0.04140450961 10 (0.041405)
76.01872406 0.007663576296 26 (0.0076636)
78.03437413 0.01203366326 27 (0.012034)
79.01838972 0.06647699365 20 (0.066477)
92.05002419 0.000710894809 39 (0.00071089)
94.02928875 0.07536735605 42 (0.075367)
96.04493881 0.02876791731 43 (0.028768)
143.0609232 0.01569563495 7 (0.015696)
155.0609232 0.2140932283 3 (0.21409)
157.0401878 0.01346383051 16 (0.013464)
157.0765733 0.27059946 12 8 (0.15417 0.11643)
159.0558378 0.001884701005 30 (0.0018847)
167.0609232 0.1204177256 11 9 (0.070152 0.050266)
176.0823869 0.003344227859 32 (0.0033442)
181.0765733 20.6709806 1 (20.671)
182.0718223 0.02415337851 23 25 (0.018641 0.0055127)
183.0558378 0.3165525019 17 18 15 19 (0.089966 0.089966 0.083056 0.053564)
183.0922234 24.06118275 5 (24.061)
186.0667369 0.003391115566 28 (0.0033911)
192.0561722 0.009937161606 24 (0.0099372)
198.0667369 0.1343200972 33 37 (0.06716 0.06716)
200.0823869 0.4454737438 38 41 34 36 29 (0.17763 0.082551 0.065508 0.065508 0.054277)
208.0874723 8.653010547 21 (8.653)
209.0714879 35.98681632 14 (35.987)
210.0667369 0.05707235281 31 35 (0.038693 0.018379)
226.098037 8.477322785 0 (8.4773)
energy2
18.03437413 0.1209744712 13 (0.12097)
28.01872406 0.1186549971 22 (0.11865)
41.03912516 0.5856834396 6 (0.58568)
44.01363868 0.3743831887 4 (0.37438)
51.0234751 9.555727542 2 (9.5557)
53.03912516 6.010165549 10 (6.0102)
76.01872406 0.2717587713 26 (0.27176)
78.03437413 0.3522492785 27 (0.35225)
79.01838972 0.6659951978 20 (0.666)
92.05002419 0.6268902397 39 (0.62689)
94.02928875 0.1876321854 42 (0.18763)
96.04493881 0.1508180023 43 (0.15082)
116.0500242 0.1488132598 40 (0.14881)
143.0609232 1.866345101 7 (1.8663)
155.0609232 2.949035615 3 (2.949)
157.0765733 0.910497869 12 8 (0.76283 0.14767)
159.0558378 0.4465244895 30 (0.44652)
167.0609232 2.923765084 11 9 (1.5846 1.3391)
176.0823869 0.3153761129 32 (0.31538)
181.0765733 35.16794656 1 (35.168)
182.0718223 0.6253759885 23 25 (0.39815 0.22723)
183.0558378 1.481473781 15 17 18 19 (0.56839 0.38965 0.38965 0.13378)
183.0922234 4.419205778 5 (4.4192)
186.0667369 0.1851536557 28 (0.18515)
192.0561722 0.3203480478 24 (0.32035)
198.0667369 0.5260474545 33 37 (0.26302 0.26302)
200.0823869 1.313727943 34 36 29 38 41 (0.3068 0.3068 0.27915 0.25526 0.16571)
208.0874723 8.828961622 21 (8.829)
209.0714879 14.60416225 14 (14.604)
210.0667369 0.9158261269 31 35 (0.71468 0.20115)
226.098037 3.030480399 0 (3.0305)

0 226.098037 N=C(O)C1=C2NC3=CC=CC=C3NC2=CC=C1
1 181.0765733 C1=CC=[CH+]2Nc3ccccc3N=C2C=1
2 51.0234751 C#C[CH+]#C
3 155.0609232 [CH2+]#CC1=CN=C2C=C=CC=C2N1
4 44.01363868 [NH+]#CO
5 183.0922234 C1=CC[CH2+]2Nc3ccccc3N=C2C=1
6 41.03912516 [CH2+]#CC
7 143.0609232 [CH3+]=c1cnc2c(n1)C=C=CC=2
8 157.0765733 C=C1N=C2C=C=CC=C2NC1=[CH3+]
9 167.0609232 C=c1nc2c(nc1C#[CH2+])=CC=C=C2
10 53.03912516 C#C[CH2+]=C
11 167.0609232 C#[CH+]C=c1cnc2c(n1)C=C=CC=2
12 157.0765733 C#[CH+]C1=Nc2ccccc2NC1
13 18.03437413 [NH4+]
14 209.0714879 [OH2+]C=C1C=C=Cc2nc3ccccc3nc21
15 183.0558378 C=c1nc2c(nc1=C)C(=C=[OH+])C=C=C2
16 157.0401878 [OH+]=C=C1C=C=Cc2nccnc21
17 183.0558378 C#Cc1cnc2c(n1)C(=C[OH2+])C=C=C2
18 183.0558378 C=Cc1cnc2c(n1)C=C=CC2=C=[OH+]
19 183.0558378 C=C1N=C2C=C=CC=C2NC1=C=C=[OH+]
20 79.01838972 C#CC#CC=[OH+]
21 208.0874723 [NH2+]=CC1=C2Nc3ccccc3N=C2C=C=C1
22 28.01872406 C#[NH+]
23 182.0718223 C=C1N=C2C=C=CC(C#[NH+])=C2NC1=C
24 192.0561722 C#Cc1nc2c(nc1=C)C=C=CC=2C#[NH+]
25 182.0718223 C=C1N=C2C=C=CC=C2NC1=C=C=[NH2+]
26 76.01872406 C#CC#CC#[NH+]
27 78.03437413 C#CC#CC=[NH2+]
28 186.0667369 C=c1cnc2c(n1)C=C=CC=2C(=[NH2+])O
29 200.0823869 C=C1N=C2C=C=CC(C(=[NH2+])O)=C2NC1=C
30 159.0558378 C#C[NH+]=C1C=C=CC(C(=N)O)=C1
31 210.0667369 C#Cc1nc2c(nc1=C)C=C=CC=2C(=[NH2+])O
32 176.0823869 [NH3+]C(O)C1=C2NC=CN=C2C=C=C1
33 198.0667369 C#CC1=CN=C2C=C=CC(C(=[NH2+])O)=C2N1
34 200.0823869 C#CC1=CN=C2C=C=CC(C([NH3+])O)=C2N1
35 210.0667369 C#CC=c1cnc2c(n1)C=C=CC=2C(=[NH2+])O
36 200.0823869 C=CC1=CNC2=C(C(=[NH2+])O)C=C=CC2=N1
37 198.0667369 C#CC1=CNC2=C(C(=[NH2+])O)C=C=CC2=N1
38 200.0823869 C=C1N=C2C=C=CC=C2NC1=C=C([NH3+])O
39 92.05002419 [NH2+]=C1C=C=CC=C1
40 116.0500242 C#C[NH+]=C1C=C=CC=C1
41 200.0823869 C=C(C(=[NH2+])O)c1cnc2ccccc2n1
42 94.02928875 C#CC#CC(=[NH2+])O
43 96.04493881 C#CC#CC([NH3+])O
