energy0
17.03912516 0.03492049478 5 (0.03492)
41.03912516 2.633996426e-05 12 (2.634e-05)
51.0234751 0.00048647936 7 (0.00048648)
57.03403978 0.003343692783 18 (0.0033437)
67.01838972 0.006268422041 4 (0.0062684)
81.03403978 0.00500790405 15 (0.0050079)
95.04968984 1.939831702e-08 16 (1.9398e-08)
105.0452732 2.411888368e-07 20 (2.4119e-07)
129.0452732 3.89568584e-05 19 (3.8957e-05)
131.0245377 1.947737523e-07 17 (1.9477e-07)
145.0401878 2.768436147e-05 3 (2.7684e-05)
147.0558378 0.000751014863 8 (0.00075101)
155.0609232 0.0002857602837 14 (0.00028576)
157.0401878 0.0001726453806 13 (0.00017265)
161.0714879 0.0002861741305 23 (0.00028617)
169.0401878 0.0001940360339 2 (0.00019404)
171.0558378 0.08367314406 9 11 (0.083493 0.00018038)
181.0401878 0.0001921773084 10 (0.00019218)
185.0714879 0.09169749559 22 (0.091697)
197.0714879 1.090801471 6 (1.0908)
201.0664025 0.03217371673 21 (0.032174)
211.0507525 0.5012107809 1 (0.50121)
227.0820526 98.14844115 0 (98.148)
energy1
17.03912516 0.01210544745 5 (0.012105)
41.03912516 0.001287565121 12 (0.0012876)
51.0234751 0.255917311 7 (0.25592)
57.03403978 0.2979011174 18 (0.2979)
67.01838972 1.786738083 4 (1.7867)
81.03403978 1.687428992 15 (1.6874)
95.04968984 6.360230688e-05 16 (6.3602e-05)
105.0452732 0.0005087877177 20 (0.00050879)
129.0452732 0.002241255216 19 (0.0022413)
131.0245377 2.965743584e-05 17 (2.9657e-05)
145.0401878 0.02687899799 3 (0.026879)
147.0558378 0.1159688733 8 (0.11597)
155.0609232 0.03624982726 14 (0.03625)
157.0401878 0.001195799976 13 (0.0011958)
161.0714879 0.1209957557 23 (0.121)
169.0401878 0.007364012158 2 (0.007364)
171.0558378 0.389479663 9 11 (0.37441 0.015065)
181.0401878 0.007713483494 10 (0.0077135)
185.0714879 1.06397022 22 (1.064)
197.0714879 8.602273779 6 (8.6023)
201.0664025 0.2880529898 21 (0.28805)
211.0507525 1.325136233 1 (1.3251)
227.0820526 83.97049855 0 (83.97)
energy2
17.03912516 0.2243624116 5 (0.22436)
41.03912516 0.9289285835 12 (0.92893)
51.0234751 4.633271216 7 (4.6333)
57.03403978 0.05740165258 18 (0.057402)
67.01838972 5.796168907 4 (5.7962)
81.03403978 0.5685488468 15 (0.56855)
95.04968984 0.2392293832 16 (0.23923)
105.0452732 0.7659335789 20 (0.76593)
129.0452732 2.97605004 19 (2.9761)
131.0245377 0.1352793735 17 (0.13528)
145.0401878 2.069713275 3 (2.0697)
147.0558378 3.787331971 8 (3.7873)
155.0609232 2.396523222 14 (2.3965)
157.0401878 0.1260257783 13 (0.12603)
161.0714879 0.8975436723 23 (0.89754)
169.0401878 6.234356583 2 (6.2344)
171.0558378 12.22686823 9 11 (11.988 0.23896)
181.0401878 0.4362066877 10 (0.43621)
185.0714879 5.397736099 22 (5.3977)
197.0714879 16.29912723 6 (16.299)
201.0664025 0.3531254013 21 (0.35313)
211.0507525 23.52098033 1 (23.521)
227.0820526 9.929287526 0 (9.9293)

0 227.0820526 COC1=CC=CC2=NC3=C(O)C=CC=C3N=C21
1 211.0507525 O=C1C=CC=c2nc3c(nc21)=CC=CC3=[OH+]
2 169.0401878 C#CC1=C=NC2=CC=CC(=[OH+])C2=N1
3 145.0401878 [OH+]=C1C=CC=C2N=C=CN=C12
4 67.01838972 C=C=C=C=[OH+]
5 17.03912516 [CH5+]
6 197.0714879 [OH2+]c1cccc2nc3ccccc3nc12
7 51.0234751 C#CC#[CH2+]
8 147.0558378 [OH2+]c1cccc2nccnc12
9 171.0558378 C#Cc1cnc2cccc([OH2+])c2n1
10 181.0401878 C#Cc1nc2c(nc1=C=[OH+])C=CC=C=2
11 171.0558378 C=c1nc2ccccc2nc1=C=[OH+]
12 41.03912516 [CH2+]#CC
13 157.0401878 [OH+]=C=c1cnc2c(n1)C=CC=C=2
14 155.0609232 [CH2+]#CC1=NC2=C=CC=CC2=NC1
15 81.03403978 C#CC#C[OH+]C
16 95.04968984 [OH2+]c1ccccc1
17 131.0245377 C#CC1=NC=C=NC1=C=[OH+]
18 57.03403978 C#C[OH+]C
19 129.0452732 C#Cc1cnc(C#[CH2+])cn1
20 105.0452732 [CH2+]#Cc1cnccn1
21 201.0664025 C=c1nc2c(cccc2[OH+]C)nc1=C=O
22 185.0714879 C#Cc1cnc2cccc([OH+]C)c2n1
23 161.0714879 C[OH+]c1cccc2nccnc21
