energy0
44.99765427 0.007915500442 1 (0.0079155)
51.0234751 0.01400683666 3 (0.014007)
95.01330434 0.002811065441 13 (0.0028111)
131.0609232 4.880302884e-05 5 (4.8803e-05)
155.0609232 0.02382655505 4 (0.023827)
157.0401878 7.133542384e-06 9 (7.1335e-06)
175.0507525 0.0003545837539 10 (0.00035458)
181.0401878 0.004532926241 7 8 (0.0022665 0.0022665)
181.0765733 1.828213558 2 (1.8282)
199.0507525 0.02255308931 11 12 (0.011277 0.011277)
207.0558378 23.58701194 6 (23.587)
225.0664025 74.50871801 0 (74.509)
energy1
44.99765427 0.04328802846 1 (0.043288)
51.0234751 0.254402417 3 (0.2544)
95.01330434 0.05537692388 13 (0.055377)
131.0609232 0.02365033279 5 (0.02365)
155.0609232 0.6694368176 4 (0.66944)
157.0401878 0.01034894989 9 (0.010349)
175.0507525 0.008850059966 10 (0.0088501)
181.0401878 0.2559044502 7 8 (0.12795 0.12795)
181.0765733 17.88902145 2 (17.889)
199.0507525 0.3981324484 11 12 (0.19907 0.19907)
207.0558378 42.47922292 6 (42.479)
225.0664025 37.9123652 0 (37.912)
energy2
44.99765427 0.534949507 1 (0.53495)
51.0234751 13.86309512 3 (13.863)
95.01330434 0.7373685135 13 (0.73737)
131.0609232 1.209727057 5 (1.2097)
155.0609232 8.182532979 4 (8.1825)
157.0401878 0.08172806366 9 (0.081728)
175.0507525 0.6392015741 10 (0.6392)
181.0401878 2.103375729 7 8 (1.0517 1.0517)
181.0765733 24.33378066 2 (24.334)
199.0507525 0.8359383685 11 12 (0.41797 0.41797)
207.0558378 37.54929446 6 (37.549)
225.0664025 9.92900797 0 (9.929)

0 225.0664025 O=C(O)C1=CC=CC2=NC3=CC=CC=C3N=C21
1 44.99765427 O=C=[OH+]
2 181.0765733 C1=CC=[CH+]2Nc3ccccc3N=C2C=1
3 51.0234751 C#C[CH+]#C
4 155.0609232 C#[CH+]c1cnc2ccccc2n1
5 131.0609232 c1ccc2c(c1)N=C[CH2+]=N2
6 207.0558378 [OH+]=C=C1C=C=Cc2nc3ccccc3nc21
7 181.0401878 C#Cc1cnc2c(n1)C(=C=[OH+])C=C=C2
8 181.0401878 C#Cc1cnc2c(n1)C=C=CC2=C=[OH+]
9 157.0401878 [OH+]=C=C1C=C=Cc2nccnc21
10 175.0507525 OC(=[OH+])C1=C2NC=CN=C2C=C=C1
11 199.0507525 C#CC1=CN=C2C=C=CC(C(O)=[OH+])=C2N1
12 199.0507525 C#CC1=CNC2=C(C(O)=[OH+])C=C=CC2=N1
13 95.01330434 C#CC#CC(O)=[OH+]
