energy0
31.01838972 0.001918251309 10 (0.0019183)
33.03403978 0.1377216551 14 (0.13772)
41.03912516 8.022578134e-05 8 (8.0226e-05)
44.99765427 0.001971576316 13 (0.0019716)
61.0289544 0.03749341671 12 (0.037493)
79.01838972 0.0005230119787 5 (0.00052301)
92.99765427 7.725635204e-05 20 (7.7256e-05)
95.01330434 7.15377167e-05 31 (7.1538e-05)
109.0289544 0.002439385979 16 (0.0024394)
125.023869 0.0003524603885 30 (0.00035246)
157.0401878 4.140454087e-07 29 (4.1405e-07)
189.0664025 9.366761372e-05 19 (9.3668e-05)
191.0820526 6.188029715e-06 26 (6.188e-06)
197.0351024 0.002925322821 17 (0.0029253)
199.0507525 0.0001764971166 27 (0.0001765)
205.0613171 4.847883783e-06 6 (4.8479e-06)
209.0351024 0.0003512312457 9 (0.00035123)
223.0507525 0.1774181927 11 (0.17742)
229.0613171 0.02114784464 7 (0.021148)
241.0613171 0.0002577828863 25 (0.00025778)
251.0456671 0.6016470108 3 (0.60165)
253.0613171 7.065031008 2 4 24 (6.9999 0.064133 0.00099529)
255.0405817 0.002525219254 18 (0.0025252)
265.0613171 0.01704504841 23 (0.017045)
267.0405817 0.1175787646 22 (0.11758)
281.0562318 21.73217121 15 (21.732)
283.0718818 4.72237269 1 21 (2.4217 2.3007)
287.0667965 0.005611969026 28 (0.005612)
313.0824465 65.35098632 0 (65.351)
energy1
31.01838972 0.006546689479 10 (0.0065467)
33.03403978 0.1540549703 14 (0.15405)
41.03912516 0.0001844314826 8 (0.00018443)
44.99765427 0.002747015429 13 (0.002747)
61.0289544 0.02674163265 12 (0.026742)
79.01838972 0.01601896169 5 (0.016019)
92.99765427 0.02880459217 20 (0.028805)
95.01330434 0.0851597268 31 (0.08516)
109.0289544 0.07558749022 16 (0.075587)
125.023869 0.3860291559 30 (0.38603)
157.0401878 0.001015105717 29 (0.0010151)
189.0664025 0.08952617616 19 (0.089526)
191.0820526 5.024050021e-05 26 (5.0241e-05)
197.0351024 0.1482498587 17 (0.14825)
199.0507525 0.006346075944 27 (0.0063461)
205.0613171 6.460813008e-05 6 (6.4608e-05)
209.0351024 0.008415396211 9 (0.0084154)
223.0507525 2.273632521 11 (2.2736)
229.0613171 0.5885423671 7 (0.58854)
241.0613171 0.002723507369 25 (0.0027235)
251.0456671 3.963349916 3 (3.9633)
253.0613171 17.31778233 2 4 24 (17.114 0.1504 0.053066)
255.0405817 0.100271803 18 (0.10027)
265.0613171 0.1644292363 23 (0.16443)
267.0405817 0.06354660499 22 (0.063547)
281.0562318 27.67008318 15 (27.67)
283.0718818 3.425751232 1 21 (1.8187 1.607)
287.0667965 0.3224693361 28 (0.32247)
313.0824465 43.07187584 0 (43.072)
energy2
31.01838972 0.3024669963 10 (0.30247)
33.03403978 0.131509004 14 (0.13151)
41.03912516 0.1197458951 8 (0.11975)
44.99765427 0.1839522771 13 (0.18395)
61.0289544 0.21362453 12 (0.21362)
79.01838972 0.3972495417 5 (0.39725)
92.99765427 0.2833738293 20 (0.28337)
95.01330434 0.06648944668 31 (0.066489)
109.0289544 0.5362916275 16 (0.53629)
125.023869 0.02027375093 30 (0.020274)
157.0401878 0.2054427023 29 (0.20544)
189.0664025 2.447026169 19 (2.447)
191.0820526 0.1163876645 26 (0.11639)
197.0351024 3.874782539 17 (3.8748)
199.0507525 0.1965373747 27 (0.19654)
205.0613171 0.1202704889 6 (0.12027)
209.0351024 0.2683680601 9 (0.26837)
223.0507525 30.41907359 11 (30.419)
229.0613171 0.8118910485 7 (0.81189)
241.0613171 0.1136144842 25 (0.11361)
251.0456671 21.92704975 3 (21.927)
253.0613171 20.24648295 2 4 24 (18.574 1.319 0.35382)
255.0405817 0.2904359519 18 (0.29044)
265.0613171 0.382184169 23 (0.38218)
267.0405817 0.9489552953 22 (0.94896)
281.0562318 11.85703368 15 (11.857)
283.0718818 3.097065776 1 21 (1.9795 1.1176)
287.0667965 0.01958298008 28 (0.019583)
313.0824465 0.4028384296 0 (0.40284)

0 313.0824465 COC(=O)C1=CC=CC2=NC3=C(N=C12)C(O)=CC=C3C(=O)OC
1 283.0718818 COC(O)=C1C=C=C(O)C2=NC3C(=C=[OH+])C=CC=C3N=C12
2 253.0613171 COC(=[OH+])C1=c2nc3c(nc2C(O)=C=C1)=C=CC=C3
3 251.0456671 O=C=C1C=C=C(O)C2=NC3C(=C=[OH+])C=CC=C3N=C12
4 253.0613171 OC=C1C=C=C(O)C2=NC3C(=C=[OH+])C=CC=C3N=C12
5 79.01838972 C=C=C=C=C=[OH+]
6 205.0613171 COC([OH2+])=C1C=C=C(O)c2nccnc21
7 229.0613171 C#Cc1cnc2c(n1)C(=C([OH2+])OC)C=C=C2O
8 41.03912516 [CH2+]#CC
9 209.0351024 C#CC(=O)C1=C=Nc2cccc(=C=[OH+])c2=N1
10 31.01838972 C=[OH+]
11 223.0507525 OC1=C=CC(=C=[OH+])c2nc3ccccc3nc21
12 61.0289544 C[OH+]C=O
13 44.99765427 O=C=[OH+]
14 33.03403978 C[OH2+]
15 281.0562318 C[OH+]C(=O)c1cccc2nc3c(nc21)C(O)=C=CC3=C=O
16 109.0289544 C#CC#CC(=O)[OH+]C
17 197.0351024 C#Cc1cnc2c(n1)C(=C=[OH+])C=C=C2O
18 255.0405817 C[OH+]C(=O)c1cccc2nc(=C=C=O)c(=C=O)nc21
19 189.0664025 C[OH+]C(=O)c1cccc2nccnc21
20 92.99765427 O=C=C=C=C=C=[OH+]
21 283.0718818 C[OH+]C(=O)c1cccc2nc3c(nc21)C(O)=C=CC3=CO
22 267.0405817 O=C=C1C=C=C(O)c2nc3c(cccc3C(O)=[OH+])nc21
23 265.0613171 C[OH+]C(=O)c1cccc2nc3c(nc21)C=C=CC3=C=O
24 253.0613171 C#CC(=C=O)c1cnc2c(cccc2C(=O)[OH+]C)n1
25 241.0613171 C#CC(=O)c1cnc2cccc(C(=O)[OH+]C)c2n1
26 191.0820526 C[OH+]C(=O)C1=CC=CC2=NC=CNC21
27 199.0507525 C#Cc1cnc2c(n1)C(=C[OH2+])C=C=C2O
28 287.0667965 COC(O)=C=c1nc2cccc(C(=O)[OH+]C)c2nc1=C=O
29 157.0401878 [OH+]=C=c1cccc2c1=NC=C=N2
30 125.023869 COC(=[OH+])C#CC#CO
31 95.01330434 OC=C=C=C=C=[OH+]
