energy0
31.01838972 0.001945764585 10 (0.0019458)
33.03403978 0.140574591 15 (0.14057)
41.03912516 8.138698286e-05 5 (8.1387e-05)
44.99765427 0.001999677158 14 (0.0019997)
61.0289544 0.03828284231 13 (0.038283)
79.01838972 0.0005304823166 7 (0.00053048)
109.0289544 0.002561739849 12 (0.0025617)
181.0401878 0.002841347187 17 (0.0028413)
183.0558378 0.0002253829469 9 (0.00022538)
189.0664025 4.918052872e-06 8 (4.9181e-06)
207.0558378 0.1621561816 11 (0.16216)
213.0664025 0.02158871322 6 (0.021589)
235.0507525 0.5602811246 3 (0.56028)
237.0664025 7.179867775 2 4 (7.1457 0.034132)
265.0613171 22.18707264 16 (22.187)
267.0769672 2.472830406 1 (2.4728)
297.0875319 67.22715503 0 (67.227)
energy1
31.01838972 0.006685893243 10 (0.0066859)
33.03403978 0.1582456296 15 (0.15825)
41.03912516 0.0001888011115 5 (0.0001888)
44.99765427 0.00280024165 14 (0.0028002)
61.0289544 0.02749056736 13 (0.027491)
79.01838972 0.01633703068 7 (0.016337)
109.0289544 0.08466381767 12 (0.084664)
181.0401878 0.1486015893 17 (0.1486)
183.0558378 0.00935403609 9 (0.009354)
189.0664025 6.613885329e-05 8 (6.6139e-05)
207.0558378 2.248314713 11 (2.2483)
213.0664025 0.6052919361 6 (0.60529)
235.0507525 3.877638217 3 (3.8776)
237.0664025 17.67798176 2 4 (17.591 0.086659)
265.0613171 28.5039304 16 (28.504)
267.0769672 1.875240019 1 (1.8752)
297.0875319 44.75716921 0 (44.757)
energy2
31.01838972 0.3367320784 10 (0.33673)
33.03403978 0.1437839929 15 (0.14378)
41.03912516 0.132639332 5 (0.13264)
44.99765427 0.200075683 14 (0.20008)
61.0289544 0.2346107571 13 (0.23461)
79.01838972 0.4351053186 7 (0.43511)
109.0289544 1.379132221 12 (1.3791)
181.0401878 4.270697746 17 (4.2707)
183.0558378 0.3604640447 9 (0.36046)
189.0664025 0.1332204106 8 (0.13322)
207.0558378 29.26928945 11 (29.269)
213.0664025 0.9019302593 6 (0.90193)
235.0507525 24.26459273 3 (24.265)
237.0664025 21.24122741 2 4 (20.217 1.0244)
265.0613171 13.99141558 16 (13.991)
267.0769672 2.228532214 1 (2.2285)
297.0875319 0.4765507685 0 (0.47655)

0 297.0875319 COC(=O)C1=CC=CC2=NC3=C(C(=O)OC)C=CC=C3N=C21
1 267.0769672 COC(=O)c1cccc2nc3c(nc21)C=CCC3=C=[OH+]
2 237.0664025 COC(=[OH+])C1=c2nc3c(nc2C=C=C1)=C=CC=C3
3 235.0507525 O=C=c1cccc2nc3c(cccc3=C=[OH+])nc21
4 237.0664025 OC=c1cccc2nc3c(cccc3=C=[OH+])nc21
5 41.03912516 [CH2+]#CC
6 213.0664025 C#Cc1cnc2cccc(C(=[OH+])OC)c2n1
7 79.01838972 C#CC=C=C=[OH+]
8 189.0664025 COC(=[OH+])c1cccc2nccnc21
9 183.0558378 C=C=c1cnc2cccc(=C=[OH+])c2n1
10 31.01838972 C=[OH+]
11 207.0558378 [OH+]=CC1=c2nc3c(nc2C=C=C1)=C=CC=C3
12 109.0289544 C#CC#CC(=[OH+])OC
13 61.0289544 COC=[OH+]
14 44.99765427 O=C=[OH+]
15 33.03403978 C[OH2+]
16 265.0613171 COC(=[OH+])c1cccc2nc3c(nc21)C=C=CC3=C=O
17 181.0401878 C#Cc1cnc2c(n1)C(=C=[OH+])C=C=C2
