energy0
27.0234751 3.674612254e-05 4 (3.6746e-05)
51.0234751 0.01587926515 2 (0.015879)
52.01872406 1.11797607e-05 20 (1.118e-05)
53.01397303 5.721506498e-08 29 (5.7215e-08)
53.03912516 0.01734337432 3 (0.017343)
55.01838972 0.005957577329 18 (0.0059576)
67.01838972 0.0352972921 30 (0.035297)
76.01872406 6.151894388e-06 25 (6.1519e-06)
79.05477522 7.799937942e-08 28 (7.7999e-08)
92.05002419 0.0004478653902 21 (0.00044787)
93.03403978 3.977877293e-06 10 (3.9779e-06)
116.0500242 0.0002224790623 17 (0.00022248)
129.0452732 3.900632057e-05 7 12 23 (3.1171e-05 5.8602e-06 1.9751e-06)
131.0609232 0.0006058700037 27 (0.00060587)
140.0500242 0.0001452657419 26 (0.00014527)
143.0609232 0.2455435992 19 (0.24554)
144.0449388 8.380588579e-05 11 (8.3806e-05)
145.0401878 0.0004155290716 5 (0.00041553)
147.0558378 0.0004070994452 6 (0.0004071)
153.0452732 0.0004075805286 14 (0.00040758)
155.0609232 0.09605301303 22 (0.096053)
167.0609232 0.2447043989 24 (0.2447)
169.0401878 0.01124602947 8 15 (0.005623 0.005623)
171.0558378 0.1348708081 16 1 9 13 (0.057257 0.045555 0.016171 0.015887)
197.0714879 99.19027195 0 (99.19)
energy1
27.0234751 8.027403798e-05 4 (8.0274e-05)
51.0234751 0.3267868547 2 (0.32679)
52.01872406 4.239904457e-05 20 (4.2399e-05)
53.01397303 4.414174485e-05 29 (4.4142e-05)
53.03912516 0.08524760346 3 (0.085248)
55.01838972 0.09022001653 18 (0.09022)
67.01838972 0.2702786214 30 (0.27028)
76.01872406 0.0001882380623 25 (0.00018824)
79.05477522 0.0002828942387 28 (0.00028289)
92.05002419 0.01075659494 21 (0.010757)
93.03403978 0.002855261371 10 (0.0028553)
116.0500242 0.01835050456 17 (0.018351)
129.0452732 0.006840037085 7 12 23 (0.0035174 0.0026 0.00072266)
131.0609232 0.7273321401 27 (0.72733)
140.0500242 0.02422324464 26 (0.024223)
143.0609232 0.2587400595 19 (0.25874)
144.0449388 0.004760702478 11 (0.0047607)
145.0401878 0.07300234546 5 (0.073002)
147.0558378 0.01300193894 6 (0.013002)
153.0452732 0.03648503376 14 (0.036485)
155.0609232 1.354285251 22 (1.3543)
167.0609232 3.728307426 24 (3.7283)
169.0401878 0.6634935541 8 15 (0.33175 0.33175)
171.0558378 1.761522035 1 9 13 16 (0.54821 0.51189 0.48509 0.21634)
197.0714879 90.54287283 0 (90.543)
energy2
27.0234751 0.1575145336 4 (0.15751)
51.0234751 10.23850607 2 (10.239)
52.01872406 0.1069358861 20 (0.10694)
53.01397303 0.107225709 29 (0.10723)
53.03912516 8.532777223 3 (8.5328)
55.01838972 0.3511396163 18 (0.35114)
67.01838972 6.085766674 30 (6.0858)
76.01872406 0.1019128341 25 (0.10191)
79.05477522 0.1171900206 28 (0.11719)
92.05002419 2.388708198 21 (2.3887)
93.03403978 0.3397262068 10 (0.33973)
116.0500242 0.7992559786 17 (0.79926)
129.0452732 0.9461722752 7 12 23 (0.52153 0.27228 0.15237)
131.0609232 2.356002506 27 (2.356)
140.0500242 0.6497752278 26 (0.64978)
143.0609232 6.25242535 19 (6.2524)
144.0449388 0.1472038921 11 (0.1472)
145.0401878 0.2939359722 5 (0.29394)
147.0558378 0.3992027075 6 (0.3992)
153.0452732 0.5750661703 14 (0.57507)
155.0609232 14.60493934 22 (14.605)
167.0609232 20.5034298 24 (20.503)
169.0401878 1.535776931 8 15 (0.76789 0.76789)
171.0558378 4.74624247 1 16 9 13 (1.9607 0.99725 0.91617 0.87213)
197.0714879 17.6631684 0 (17.663)

0 197.0714879 O=C1C=CC=C2NC3=CC=CC=C3N=C12
1 171.0558378 C=c1nc2c(nc1=C)C(=[OH+])C=C=C2
2 51.0234751 C#CC#[CH2+]
3 53.03912516 C#C[CH2+]=C
4 27.0234751 C#[CH2+]
5 145.0401878 [OH+]=C1C=C=Cc2nccnc21
6 147.0558378 [OH+]=C1C=C=CC2=NC=CNC12
7 129.0452732 C1=CC=[CH+]2N=C=CN=C2C=1
8 169.0401878 C#Cc1cnc2c(n1)C(=[OH+])C=C=C2
9 171.0558378 C#CC1=CN=C2C=C=CC(=[OH+])C2N1
10 93.03403978 [OH+]=C1C=C=CC=C1
11 144.0449388 C#CC=[NH+]C1=CC=C=CC1=O
12 129.0452732 C#Cc1cnc(C#[CH2+])cn1
13 171.0558378 C=Cc1cnc2c(n1)C=C=CC2=[OH+]
14 153.0452732 [CH2+]#CC1=C=NC2=CC=C=CC2=N1
15 169.0401878 C#Cc1cnc2c(n1)C=C=CC2=[OH+]
16 171.0558378 C=C1N=C2C=C=CC=C2NC1=C=[OH+]
17 116.0500242 C#C[NH+]=C1C=C=CC=C1
18 55.01838972 C#CC=[OH+]
19 143.0609232 [CH3+]=c1cnc2c(n1)C=C=CC=2
20 52.01872406 C#CC#[NH+]
21 92.05002419 [NH2+]=C1C=C=CC=C1
22 155.0609232 C#[CH+]c1cnc2ccccc2n1
23 129.0452732 C#Cc1cncc(C#[CH2+])n1
24 167.0609232 C=C=[CH+]=c1cnc2c(n1)C=C=CC=2
25 76.01872406 C#CC#CC#[NH+]
26 140.0500242 C#CC#C[NH+]=C1C=C=CC=C1
27 131.0609232 c1ccc2c(c1)N=C[CH2+]=N2
28 79.05477522 C1=CC=[CH2+]C=C1
29 53.01397303 N#CC#[NH+]
30 67.01838972 C#CC#C[OH2+]
