energy0
27.0234751 1.149089632e-05 16 (1.1491e-05)
31.01838972 0.0223556559 10 (0.022356)
41.03912516 9.920438177e-05 7 (9.9204e-05)
44.99765427 0.002285798707 14 (0.0022858)
51.0234751 0.01493036096 9 (0.01493)
61.0289544 0.04672878104 13 (0.046729)
79.01838972 0.0006119015926 3 (0.0006119)
109.0289544 0.002798946496 15 (0.0027989)
129.0452732 3.348271469e-05 12 (3.3483e-05)
131.0609232 5.857720136e-05 4 (5.8577e-05)
153.0452732 0.0005454954702 11 (0.0005455)
155.0609232 0.02835694205 5 (0.028357)
169.0401878 0.0009334457759 6 (0.00093345)
179.0609232 8.892183119 2 (8.8922)
183.0558378 0.0002382899271 18 8 (0.00013092 0.00010737)
189.0664025 0.0004003070023 20 (0.00040031)
209.0714879 3.116407149 1 (3.1164)
213.0664025 0.02928162243 17 19 (0.014754 0.014527)
239.0820526 87.84173943 0 (87.842)
energy1
27.0234751 0.000263542046 16 (0.00026354)
31.01838972 0.03994252226 10 (0.039943)
41.03912516 0.0002996031129 7 (0.0002996)
44.99765427 0.003451627 14 (0.0034516)
51.0234751 0.2895543688 9 (0.28955)
61.0289544 0.03736676105 13 (0.037367)
79.01838972 0.02078299878 3 (0.020783)
109.0289544 0.09115924315 15 (0.091159)
129.0452732 0.008523355275 12 (0.0085234)
131.0609232 0.03405169568 4 (0.034052)
153.0452732 0.05016166009 11 (0.050162)
155.0609232 0.9461358206 5 (0.94614)
169.0401878 0.0007470782947 6 (0.00074708)
179.0609232 26.71564016 2 (26.716)
183.0558378 0.0244176889 8 18 (0.019814 0.0046038)
189.0664025 0.01338510049 20 (0.013385)
209.0714879 2.914635759 1 (2.9146)
213.0664025 0.8078539955 17 19 (0.41911 0.38875)
239.0820526 68.00162702 0 (68.002)
energy2
27.0234751 0.109243054 16 (0.10924)
31.01838972 0.1453413758 10 (0.14534)
41.03912516 0.395440429 7 (0.39544)
44.99765427 0.3085837619 14 (0.30858)
51.0234751 10.9366952 9 (10.937)
61.0289544 0.38532778 13 (0.38533)
79.01838972 0.9128237739 3 (0.91282)
109.0289544 0.1473542835 15 (0.14735)
129.0452732 0.5731757279 12 (0.57318)
131.0609232 0.5801667779 4 (0.58017)
153.0452732 1.205217338 11 (1.2052)
155.0609232 3.488980394 5 (3.489)
169.0401878 0.1518217133 6 (0.15182)
179.0609232 72.59560776 2 (72.596)
183.0558378 0.2153179461 18 8 (0.15555 0.05977)
189.0664025 0.1817182817 20 (0.18172)
209.0714879 6.303795739 1 (6.3038)
213.0664025 0.2297707647 17 19 (0.16184 0.067936)
239.0820526 1.133617904 0 (1.1336)

0 239.0820526 COC(=O)C1=CC=CC2=C1N=C1C=CC=CC1=N2
1 209.0714879 [OH+]=C=c1cccc2c1=Nc1ccccc1N2
2 179.0609232 C1=CC=[CH+]2N=C3C=CC=C=C3N=C2C=1
3 79.01838972 C=C=C=C=C=[OH+]
4 131.0609232 C1=CC=[CH+]2NC=CN=C2C=1
5 155.0609232 [CH2+]#CC1=CN=C2C=C=CC=C2N1
6 169.0401878 [OH+]=C=C=c1cnc2c(n1)C=C=CC=2
7 41.03912516 [CH2+]#CC
8 183.0558378 C=C1NC2=CC=C=CC2=NC1=C=C=[OH+]
9 51.0234751 C#CC#[CH2+]
10 31.01838972 C=[OH+]
11 153.0452732 [CH2+]#CC1=C=NC2=C=CC=CC2=N1
12 129.0452732 C1=CC=CC2=N[CH2+]=C=NC=12
13 61.0289544 C[OH+]C=O
14 44.99765427 O=C=[OH+]
15 109.0289544 C#CC#CC(=O)[OH+]C
16 27.0234751 C#[CH2+]
17 213.0664025 C#Cc1cnc2cccc(C(=O)[OH+]C)c2n1
18 183.0558378 C=C=c1cnc2cccc(=C=[OH+])c2n1
19 213.0664025 C#Cc1cnc2c(cccc2C(=O)[OH+]C)n1
20 189.0664025 C[OH+]C(=O)c1cccc2nccnc21
