energy0
31.01838972 0.02210019294 11 (0.0221)
41.03912516 9.018250933e-05 8 (9.0183e-05)
44.99765427 0.002268150631 14 (0.0022682)
51.0234751 0.0004536657558 16 (0.00045367)
57.03403978 0.003043136597 24 (0.0030431)
61.0289544 0.0461863288 13 (0.046186)
79.01838972 0.0005997993399 5 (0.0005998)
81.03403978 0.004546222266 30 (0.0045462)
109.0289544 0.002765022921 19 (0.002765)
129.0452732 5.732336828e-06 23 (5.7323e-06)
145.0401878 4.692598089e-06 20 (4.6926e-06)
155.0609232 7.500868306e-05 22 (7.5009e-05)
157.0401878 6.002028417e-06 29 (6.002e-06)
159.0558378 3.215453119e-05 21 28 (3.0436e-05 1.719e-06)
161.0714879 5.273855806e-05 6 (5.2739e-05)
169.0401878 5.853895073e-05 18 (5.8539e-05)
179.0609232 0.0868249402 12 (0.086825)
181.0401878 0.005519069041 10 (0.0055191)
183.0558378 0.0005830582326 26 (0.00058306)
185.0714879 0.02779852659 7 (0.027799)
189.0664025 0.0006754600249 27 (0.00067546)
209.0714879 8.732580993 2 3 (8.7095 0.023078)
213.0664025 0.07031667401 25 9 (0.070219 9.7606e-05)
223.0507525 0.1351644001 4 (0.13516)
239.0820526 3.921045114 1 15 (2.948 0.973)
253.0613171 0.4466364358 17 (0.44664)
269.0926173 86.49056776 0 (86.491)
energy1
31.01838972 0.03703348828 11 (0.037033)
41.03912516 0.0002313951264 8 (0.0002314)
44.99765427 0.003275699924 14 (0.0032757)
51.0234751 0.2163165247 16 (0.21632)
57.03403978 0.236661069 24 (0.23666)
61.0289544 0.03456986439 13 (0.03457)
79.01838972 0.01921265017 5 (0.019213)
81.03403978 1.326452715 30 (1.3265)
109.0289544 0.0841289587 19 (0.084129)
129.0452732 0.0009351661018 23 (0.00093517)
145.0401878 0.005816594027 20 (0.0058166)
155.0609232 0.02282357227 22 (0.022824)
157.0401878 0.001016153071 29 (0.0010162)
159.0558378 0.002906693444 21 28 (0.0024933 0.00041337)
161.0714879 0.02573884946 6 (0.025739)
169.0401878 0.005240006897 18 (0.00524)
179.0609232 2.705902638 12 (2.7059)
181.0401878 0.03753005539 10 (0.03753)
183.0558378 0.002459052115 26 (0.0024591)
185.0714879 0.8497866999 7 (0.84979)
189.0664025 0.0906746785 27 (0.090675)
209.0714879 22.74838583 2 3 (22.39 0.35857)
213.0664025 0.2614099145 25 9 (0.24611 0.015303)
223.0507525 0.3419963321 4 (0.342)
239.0820526 8.745583952 15 1 (6.318 2.4276)
253.0613171 0.9476181287 17 (0.94762)
269.0926173 61.24629332 0 (61.246)
energy2
31.01838972 0.1228751008 11 (0.12288)
41.03912516 0.1334368783 8 (0.13344)
44.99765427 0.2645188552 14 (0.26452)
51.0234751 0.522333466 16 (0.52233)
57.03403978 0.01379596943 24 (0.013796)
61.0289544 0.3221306809 13 (0.32213)
79.01838972 0.522149396 5 (0.52215)
81.03403978 0.0957353443 30 (0.095735)
109.0289544 0.1197243968 19 (0.11972)
129.0452732 0.2116911385 23 (0.21169)
145.0401878 0.1188058789 20 (0.11881)
155.0609232 0.3552858492 22 (0.35529)
157.0401878 0.4221817963 29 (0.42218)
159.0558378 0.3291078546 21 28 (0.17176 0.15735)
161.0714879 0.1699230807 6 (0.16992)
169.0401878 1.031862402 18 (1.0319)
179.0609232 34.06293015 12 (34.063)
181.0401878 2.708651566 10 (2.7087)
183.0558378 0.4978690348 26 (0.49787)
185.0714879 1.408612522 7 (1.4086)
189.0664025 0.4417696438 27 (0.44177)
209.0714879 38.24913311 2 3 (37.327 0.9223)
213.0664025 0.7278183604 25 9 (0.70765 0.020169)
223.0507525 9.734504095 4 (9.7345)
239.0820526 3.925267928 1 15 (2.6608 1.2645)
253.0613171 2.654906936 17 (2.6549)
269.0926173 0.8329785668 0 (0.83298)

0 269.0926173 COC(=O)C1=CC=CC2=NC3=C(C=CC=C3OC)N=C21
1 239.0820526 COC1C=CC=c2nc3c(cccc3=C=[OH+])nc21
2 209.0714879 C[OH+]C1=c2nc3c(nc2C=C=C1)=C=CC=C3
3 209.0714879 [OH+]=C=c1cccc2nc3c(nc12)=CC=CC3
4 223.0507525 O=C1C=CC=c2nc3c(cccc3=C=[OH+])nc21
5 79.01838972 C=C=C=C=C=[OH+]
6 161.0714879 C[OH+]C1C=C=Cc2nccnc21
7 185.0714879 C#Cc1cnc2c(n1)C([OH+]C)C=C=C2
8 41.03912516 [CH2+]#CC
9 213.0664025 C=c1nc2c(nc1=C=C=[OH+])C=C=CC2OC
10 181.0401878 C#CC1=C=Nc2cccc(=C=[OH+])c2=N1
11 31.01838972 C=[OH+]
12 179.0609232 C1=CC=C2N=C3C=CC=C=[CH+]3N=C2C=1
13 61.0289544 C[OH+]C=O
14 44.99765427 O=C=[OH+]
15 239.0820526 C[OH+]C(=O)c1cccc2nc3c(nc21)C=C=CC3
16 51.0234751 C#CC#[CH2+]
17 253.0613171 C[OH+]C(=O)c1cccc2nc3c(nc21)C=C=CC3=O
18 169.0401878 C#Cc1cnc2c(n1)C(=[OH+])C=C=C2
19 109.0289544 C#CC#CC(=O)[OH+]C
20 145.0401878 [OH+]=C1C=C=Cc2nccnc21
21 159.0558378 C[OH+]C1=C2N=C=CN=C2C=C=C1
22 155.0609232 [CH2+]#Cc1cnc2c(n1)CC=C=C2
23 129.0452732 C#Cc1cnc(C#[CH2+])cn1
24 57.03403978 C#C[OH+]C
25 213.0664025 C#Cc1cnc2cccc(C(=O)[OH+]C)c2n1
26 183.0558378 C#CC1=C=NC2=CC=CC(=C=[OH+])C2N1
27 189.0664025 C[OH+]C(=O)c1cccc2nccnc21
28 159.0558378 [OH+]=C=C1C=CC=C2N=C=CNC12
29 157.0401878 [OH+]=C=c1cccc2c1=NC=C=N2
30 81.03403978 C#CC#C[OH+]C
