energy0
17.03912516 0.03418200018 12 (0.034182)
31.01838972 0.006311106356 6 (0.0063111)
33.03403978 0.04901446188 8 (0.049014)
51.0234751 0.000471992342 18 (0.00047199)
57.03403978 0.003272980753 23 (0.003273)
81.03403978 0.004899192609 26 (0.0048992)
129.0452732 1.30777434e-06 22 (1.3078e-06)
153.0452732 4.636435515e-05 20 (4.6364e-05)
155.0609232 9.522967285e-06 16 (9.523e-06)
159.0558378 3.41192298e-06 19 (3.4119e-06)
169.0401878 3.861840781e-06 21 (3.8618e-06)
175.0507525 6.476660193e-05 25 (6.4767e-05)
185.0714879 0.003585712103 5 11 (0.0035001 8.5654e-05)
191.0820526 0.0006700141911 24 (0.00067001)
209.0714879 0.02990096092 2 (0.029901)
211.087138 0.007635603493 3 10 (0.0054915 0.0021441)
215.0820526 0.08149447899 17 (0.081494)
225.0664025 0.07995460955 14 4 (0.046777 0.033178)
239.0820526 1.710558791 7 (1.7106)
241.0977027 2.120927021 15 1 9 (1.018 0.73465 0.36829)
255.0769672 0.4837504811 13 (0.48375)
271.1082673 95.38324136 0 (95.383)
energy1
17.03912516 0.01111584383 12 (0.011116)
31.01838972 0.0239622981 6 (0.023962)
33.03403978 0.073728378 8 (0.073728)
51.0234751 0.2376076314 18 (0.23761)
57.03403978 0.2735481123 23 (0.27355)
81.03403978 1.543476302 26 (1.5435)
129.0452732 0.0007808780688 22 (0.00078088)
153.0452732 0.03039050527 20 (0.030391)
155.0609232 0.01202609943 16 (0.012026)
159.0558378 0.0009558433042 19 (0.00095584)
169.0401878 0.001342356314 21 (0.0013424)
175.0507525 0.01880764735 25 (0.018808)
185.0714879 0.3939440292 5 11 (0.3836 0.010347)
191.0820526 0.08765231984 24 (0.087652)
209.0714879 0.9698679649 2 (0.96987)
211.087138 0.4336943845 10 3 (0.24472 0.18898)
215.0820526 0.3347330581 17 (0.33473)
225.0664025 0.8783645742 14 4 (0.74687 0.1315)
239.0820526 4.850127825 7 (4.8501)
241.0977027 13.95470005 15 9 1 (7.0135 5.6943 1.2469)
255.0769672 1.092376685 13 (1.0924)
271.1082673 74.77679721 0 (74.777)
energy2
17.03912516 0.1629463205 12 (0.16295)
31.01838972 0.1627006281 6 (0.1627)
33.03403978 0.4173344107 8 (0.41733)
51.0234751 1.517574928 18 (1.5176)
57.03403978 0.04168874818 23 (0.041689)
81.03403978 0.3775790803 26 (0.37758)
129.0452732 0.7163178416 22 (0.71632)
153.0452732 0.7744659245 20 (0.77447)
155.0609232 0.4644609236 16 (0.46446)
159.0558378 0.1750861401 19 (0.17509)
169.0401878 0.4437598076 21 (0.44376)
175.0507525 2.081912892 25 (2.0819)
185.0714879 5.696458063 5 11 (4.3308 1.3657)
191.0820526 1.004262446 24 (1.0043)
209.0714879 11.61108158 2 (11.611)
211.087138 2.33114508 3 10 (1.5659 0.76528)
215.0820526 6.859578055 17 (6.8596)
225.0664025 24.84493 14 4 (15.417 9.4275)
239.0820526 9.764093772 7 (9.7641)
241.0977027 13.67474282 15 1 9 (5.8385 4.1097 3.7266)
255.0769672 11.00842352 13 (11.008)
271.1082673 5.869457026 0 (5.8695)

0 271.1082673 COC1=CC=CC2=C1N=C1C=CC(OC)=C(OC)C1=N2
1 241.0977027 COC1=C=CCC2N=C3C([OH+]C)=C=CC=C3N=C12
2 209.0714879 C[OH+]C1=C=CC=c2nc3c(nc21)=CC=C=C3
3 211.087138 C[OH+]C1=C=CCC2N=C3C=C=CC=C3N=C12
4 225.0664025 COC1=C=CC=c2nc3c(nc21)=CC=C=C3[OH2+]
5 185.0714879 C#Cc1cnc2c(n1)C([OH+]C)=C=CC2
6 31.01838972 C=[OH+]
7 239.0820526 COC1=C=CC=c2nc3c(nc21)=CC=C=C3[OH+]C
8 33.03403978 C[OH2+]
9 241.0977027 COC1=C=CCc2nc3cc([OH+]C)ccc3nc21
10 211.087138 C[OH+]c1ccc2nc3c(nc2c1)CC=C=C3
11 185.0714879 C#Cc1cnc2ccc([OH+]C)cc2n1
12 17.03912516 [CH5+]
13 255.0769672 COC1=C=CC=c2nc3c(nc21)=CC=C([OH+]C)C3=O
14 225.0664025 C[OH+]C1=CC=c2nc3c(nc2C1=O)=CC=C=C3
15 241.0977027 COc1c([OH+]C)ccc2nc3c(nc21)CC=C=C3
16 155.0609232 C#[CH+]c1cnc2c(n1)C=C=CC2
17 215.0820526 C#Cc1cnc2ccc([OH+]C)c(OC)c2n1
18 51.0234751 C#CC#[CH2+]
19 159.0558378 C[OH+]C1=C=CC=C2N=C=CN=C12
20 153.0452732 C#[CH+]C1=C=NC2=CC=C=CC2=N1
21 169.0401878 C#CC1=C=NC2=CC=C=C([OH2+])C2=N1
22 129.0452732 C#Cc1cnc([CH+]#C)cn1
23 57.03403978 C#C[OH+]C
24 191.0820526 COc1c([OH+]C)ccc2nccnc21
25 175.0507525 COC1=C2N=C=CN=C2C=CC1=[OH+]
26 81.03403978 C#CC#C[OH+]C
