energy0
31.01838972 0.001279536711 15 (0.0012795)
44.99765427 0.002179168896 6 (0.0021792)
51.0234751 0.0001848877684 11 (0.00018489)
61.0289544 0.03804489337 9 (0.038045)
79.01838972 0.0004558181164 16 (0.00045582)
95.01330434 0.002658966494 8 (0.002659)
109.0289544 0.002447966493 13 (0.002448)
155.0609232 0.0001180638851 17 (0.00011806)
179.0609232 0.1810131027 7 (0.18101)
181.0401878 0.002640118104 14 (0.0026401)
183.0558378 0.0002049064263 19 (0.00020491)
199.0507525 0.0212347583 5 (0.021235)
209.0714879 0.06188573476 3 (0.061886)
213.0664025 0.02163983785 18 (0.02164)
223.0507525 7.090479127 2 (7.0905)
235.0507525 1.946840926 4 (1.9468)
239.0820526 1.649367628 10 (1.6494)
253.0613171 2.147478352 1 (2.1475)
265.0613171 20.16920674 12 (20.169)
283.0718818 66.66063947 0 (66.661)
energy1
31.01838972 0.004814649423 15 (0.0048146)
44.99765427 0.005848844182 6 (0.0058488)
51.0234751 0.03552984867 11 (0.03553)
61.0289544 0.020784677 9 (0.020785)
79.01838972 0.01191599034 16 (0.011916)
95.01330434 0.05266335382 8 (0.052663)
109.0289544 0.06289873004 13 (0.062899)
155.0609232 0.03855319169 17 (0.038553)
179.0609232 2.327355434 7 (2.3274)
181.0401878 0.2366566899 14 (0.23666)
183.0558378 0.006813374201 19 (0.0068134)
199.0507525 0.4054092054 5 (0.40541)
209.0714879 0.7928456893 3 (0.79285)
213.0664025 0.5256126843 18 (0.52561)
223.0507525 13.53853523 2 (13.539)
235.0507525 5.716565977 4 (5.7166)
239.0820526 13.82858738 10 (13.829)
253.0613171 1.158835124 1 (1.1588)
265.0613171 31.06312557 12 (31.063)
283.0718818 30.16664836 0 (30.167)
energy2
31.01838972 0.01706175982 15 (0.017062)
44.99765427 0.5106592094 6 (0.51066)
51.0234751 0.5316751478 11 (0.53168)
61.0289544 0.3174829426 9 (0.31748)
79.01838972 0.3487130433 16 (0.34871)
95.01330434 1.032091006 8 (1.0321)
109.0289544 0.1833926891 13 (0.18339)
155.0609232 0.4446046345 17 (0.4446)
179.0609232 44.06477385 7 (44.065)
181.0401878 1.016494307 14 (1.0165)
183.0558378 0.9572093023 19 (0.95721)
199.0507525 1.33462126 5 (1.3346)
209.0714879 1.949533926 3 (1.9495)
213.0664025 0.9670396378 18 (0.96704)
223.0507525 25.74089588 2 (25.741)
235.0507525 13.74244625 4 (13.742)
239.0820526 1.479539361 10 (1.4795)
253.0613171 2.341206152 1 (2.3412)
265.0613171 2.208344169 12 (2.2083)
283.0718818 0.8122154705 0 (0.81222)

0 283.0718818 COC(=O)C1=CC=CC2=C1N=C1C=CC=C(C(=O)O)C1=N2
1 253.0613171 O=C(O)c1cccc2c1Nc1cccc(=C=[OH+])c1=N2
2 223.0507525 OC(=[OH+])C1=c2nc3c(nc2C=C=C1)=C=CC=C3
3 209.0714879 [OH+]=C=c1cccc2c1=Nc1ccccc1N2
4 235.0507525 O=C=c1cccc2nc3c(cccc3=C=[OH+])nc21
5 199.0507525 C#CC1=CN=C2C=C=CC(C(O)=[OH+])=C2N1
6 44.99765427 O=C=[OH+]
7 179.0609232 C1=CC=[CH+]2N=C3C=CC=C=C3N=C2C=1
8 95.01330434 C#CC#CC(O)=[OH+]
9 61.0289544 C[OH+]C=O
10 239.0820526 C[OH+]C(=O)c1cccc2c1N=C1C=C=CC=C1N2
11 51.0234751 C#CC#[CH2+]
12 265.0613171 C[OH+]C(=O)c1cccc2nc3c(nc21)C=C=CC3=C=O
13 109.0289544 C#CC#CC(=O)[OH+]C
14 181.0401878 C#Cc1cnc2c(n1)C(=C=[OH+])C=C=C2
15 31.01838972 C=[OH+]
16 79.01838972 C=C=C=C=C=[OH+]
17 155.0609232 [CH2+]#CC1=CN=C2C=C=CC=C2N1
18 213.0664025 C#Cc1cnc2cccc(C(=O)[OH+]C)c2n1
19 183.0558378 C=C=c1cnc2cccc(=C=[OH+])c2n1
