energy0
19.01838972 0.02789940591 5 (0.027899)
41.03912516 0.009334947935 33 (0.0093349)
43.01838972 0.0009268465278 22 (0.00092685)
51.0234751 0.0003178976568 11 (0.0003179)
55.01838972 0.009538881877 19 (0.0095389)
67.01838972 0.006163552763 4 (0.0061636)
69.03403978 0.005787474034 60 (0.0057875)
83.01330434 0.003022685685 29 (0.0030227)
132.0449388 5.318334951e-05 24 (5.3183e-05)
145.0401878 0.0001169588459 17 25 3 (0.00010014 1.0279e-05 6.5416e-06)
147.0558378 0.0004711958666 30 (0.0004712)
148.0398534 0.0001796016864 58 21 (0.00011106 6.8546e-05)
157.0401878 7.372412434e-05 16 28 (4.6446e-05 2.7278e-05)
161.0351024 0.0009228489767 49 (0.00092285)
163.0507525 0.00030273286 59 (0.00030273)
169.0401878 0.0003905961924 2 15 (0.0003686 2.2e-05)
171.0558378 0.01039626219 34 (0.010396)
172.0398534 5.997222558e-05 13 45 (4.8249e-05 1.1723e-05)
173.0714879 0.001089899377 37 (0.0010899)
175.0507525 0.05486210804 57 20 (0.036733 0.018129)
181.0401878 0.001563913463 7 (0.0015639)
185.0351024 0.03047088431 10 9 (0.030183 0.00028759)
187.0507525 0.1338153648 48 23 (0.090153 0.043662)
189.030017 0.02192515296 43 (0.021925)
197.0351024 0.07660143995 18 (0.076601)
199.0507525 0.2168628137 12 26 44 (0.11941 0.068608 0.028841)
201.030017 0.03243042725 41 (0.03243)
203.0456671 0.06399450161 42 39 47 (0.031769 0.019649 0.012576)
211.0507525 3.054429049 6 1 (2.1054 0.94901)
213.030017 0.0887925244 40 56 (0.078529 0.010264)
229.0613171 96.14720315 0 (96.147)
energy1
19.01838972 0.04278155915 5 (0.042782)
41.03912516 0.04590485218 33 (0.045905)
43.01838972 0.2181309926 22 (0.21813)
51.0234751 0.03742493346 11 (0.037425)
55.01838972 0.1002189834 19 (0.10022)
67.01838972 1.603986036 4 (1.604)
69.03403978 0.3883712294 60 (0.38837)
83.01330434 1.050465322 29 (1.0505)
129.0452732 0.02240470552 35 (0.022405)
136.0398534 0.01093075286 53 (0.010931)
145.0401878 0.01179660961 3 25 17 (0.0080532 0.002078 0.0016654)
147.0558378 0.063213396 30 (0.063213)
148.0398534 0.0412656435 21 58 (0.040137 0.0011287)
155.0609232 0.09228532111 8 (0.092285)
157.0401878 0.02643889981 28 16 (0.023247 0.003192)
161.0351024 0.5736598944 49 (0.57366)
163.0507525 0.1271701314 59 (0.12717)
169.0401878 0.01703579415 15 2 (0.0092814 0.0077544)
171.0558378 2.18188281 34 (2.1819)
173.0714879 0.4075205261 37 (0.40752)
175.0507525 0.1708689459 57 20 (0.091601 0.079268)
181.0401878 0.04843203807 7 (0.048432)
185.0351024 1.046063582 10 9 (1.0179 0.028199)
187.0507525 1.571966585 48 23 (0.94605 0.62591)
197.0351024 0.1416147325 18 (0.14161)
199.0507525 6.008599836 26 44 12 (4.0759 1.3635 0.56914)
201.030017 0.2104700281 41 (0.21047)
203.0456671 1.367044174 47 39 42 (0.6252 0.47236 0.26948)
211.0507525 8.023719563 6 1 (6.6327 1.3911)
213.030017 0.2298315098 40 56 (0.127 0.10283)
229.0613171 74.11850061 0 (74.119)
energy2
41.03912516 2.361358581 33 (2.3614)
51.0234751 5.270345272 11 (5.2703)
52.01872406 0.9534563029 27 (0.95346)
55.01838972 0.6307378466 19 (0.63074)
67.01838972 3.62552625 4 (3.6255)
69.03403978 0.8168252719 60 (0.81683)
83.01330434 0.8905608646 29 (0.89056)
109.0289544 0.4596790604 55 (0.45968)
129.0452732 2.343049837 35 (2.343)
132.0449388 0.7130210787 24 (0.71302)
145.0401878 1.999251152 3 17 25 (1.1921 0.65065 0.15651)
147.0558378 2.782793188 30 (2.7828)
148.0398534 0.7468245576 21 58 (0.56476 0.18207)
155.0245377 0.5467472418 51 (0.54675)
155.0609232 1.79961998 8 (1.7996)
157.0401878 1.630519811 16 28 (0.96754 0.66298)
161.0351024 1.186945617 49 (1.1869)
163.0507525 0.9383231604 59 (0.93832)
169.0401878 4.026576015 2 15 (3.1679 0.85872)
171.0558378 5.847384475 34 (5.8474)
173.0714879 1.39247464 37 (1.3925)
175.0507525 2.044866892 57 20 (1.0401 1.0048)
181.0401878 2.773617908 7 (2.7736)
185.0351024 4.197159879 10 9 (3.7858 0.41133)
187.0507525 4.135870405 48 23 (3.1531 0.98272)
197.0351024 3.958022323 18 (3.958)
199.0507525 8.86222435 12 44 26 (3.737 3.1761 1.9491)
203.0456671 1.106963682 39 42 47 (0.53047 0.36679 0.2097)
211.0507525 23.7903665 1 6 (12.3 11.49)
213.030017 2.120926859 40 56 (1.3157 0.80522)
229.0613171 6.047960994 0 (6.048)

0 229.0613171 OC1=CC=C2N=C3C(O)=CC=CC3=NC2=C1O
1 211.0507525 OC1=C=CC=c2nc3c(nc21)=CC=CC3=[OH+]
2 169.0401878 C#CC1=C=NC2=CC=CC(=[OH+])C2=N1
3 145.0401878 [OH+]=C1C=CC=C2N=C=CN=C12
4 67.01838972 C#CC#C[OH2+]
5 19.01838972 [OH3+]
6 211.0507525 O=C1C(=[OH+])C=Cc2nc3ccccc3nc21
7 181.0401878 [OH+]=C=C=C=c1cnc2c(n1)C=C=CC=2
8 155.0609232 [CH2+]#Cc1cnc2ccccc2n1
9 185.0351024 C#Cc1cnc2c(n1)C=CC(=[OH+])C2=O
10 185.0351024 C#Cc1cnc2c(n1)C(=O)C(=[OH+])C=C2
11 51.0234751 C#CC#[CH2+]
12 199.0507525 OC1=C=CC=C2NCC(=C=C=C=[OH+])N=C12
13 172.0398534 O=C=C=C=C=[NH+]c1ccccc1O
14 108.0449388 [NH2+]=C1C=CC=C=C1O
15 169.0401878 C#CC=c1cnc(=C=C=C=[OH+])cn1
16 157.0401878 C#CC1=NCC(=C=C=C=[OH+])N=C1
17 145.0401878 C=c1cnc(=C=C=C=[OH+])cn1
18 197.0351024 OC1=C=CC=c2ncc(=C=C=C=[OH+])nc21
19 55.01838972 C=C=C=[OH+]
20 175.0507525 Oc1cccc2nc(C=[OH+])cnc12
21 148.0398534 O=C=C=[NH+]c1cccc(O)c1
22 43.01838972 C=C=[OH+]
23 187.0507525 C=c1nc2c(nc1C=[OH+])=CC=C=C2O
24 132.0449388 C#C[NH+]=C1C=CC=C=C1O
25 145.0401878 C#Cc1cnc(=C)c(=C=[OH+])n1
26 199.0507525 C#Cc1nc2c(O)cccc2nc1C=[OH+]
27 52.01872406 C#CC#[NH+]
28 157.0401878 C#CC1=NC(=C=[OH+])C(C#C)=NC1
29 83.01330434 C#CC(=[OH+])C=O
30 147.0558378 [OH2+]c1cccc2nccnc12
31 95.04968984 [OH2+]c1ccccc1
32 131.0245377 C#CC1=NC=C=NC1=C=[OH+]
33 41.03912516 [CH2+]#CC
34 171.0558378 C#Cc1cnc2cccc([OH2+])c2n1
35 129.0452732 C#Cc1cnc(C#[CH2+])cn1
36 105.0452732 [CH2+]#Cc1cnccn1
37 173.0714879 C#CC1=Nc2c([OH2+])cccc2NC1
38 143.0609232 C#CC=C1CN=C(C#[CH2+])C=N1
39 203.0456671 O=C(C=[OH+])c1cnc2c(O)cccc2n1
40 213.030017 C#Cc1nc2c(nc1=C=O)C=CC(=[OH+])C=2O
41 201.030017 C=c1nc2c(nc1=C=O)C=CC(=[OH+])C2=O
42 203.0456671 C=c1nc2c(nc1=CO)C=CC(=[OH+])C2=O
43 189.030017 O=C=c1cnc2c(n1)C=CC(=[OH+])C=2O
44 199.0507525 C#CC=C1CN=C2C=CC(=[OH+])C(=O)C2=N1
45 172.0398534 C#CC#C[NH+]=C1CC=CC(=O)C1=O
46 124.0398534 [NH2+]=C1CC=CC(=O)C1=O
47 203.0456671 C=C(O)c1cnc2c(n1)C=CC(=[OH+])C2=O
48 187.0507525 C#CC1=NC2C(=O)C(=[OH+])C=CC2N=C1
49 161.0351024 O=C1C(=[OH+])C=Cc2nccnc21
50 27.0234751 C#[CH2+]
51 155.0245377 C#CC1=C=NC(=C=C=C=[OH+])C=N1
52 131.0609232 C#CC1=NCC(C#[CH2+])N=C1
53 136.0398534 C=[NH+]C1=CC(=O)C(=O)C=C1
54 160.0398534 C#CC=[NH+]C1=CC=CC(=O)C1=O
55 109.0289544 O=C1C=CC=CC1=[OH+]
56 213.030017 C#CC(=O)c1cnc2c(n1)C=CC(=[OH+])C2=O
57 175.0507525 C=C1CN=C2C=CC(=[OH+])C(=O)C2=N1
58 148.0398534 C#C[NH+]=C1CC=CC(=O)C1=O
59 163.0507525 O=C1C(=[OH+])C=CC2N=CC=NC12
60 69.03403978 C=CC#C[OH2+]
