energy0
44.99765427 0.008474749202 1 (0.0084747)
51.0234751 0.0001788763423 5 (0.00017888)
95.01330434 0.003018948436 8 (0.0030189)
153.0452732 0.001186630653 11 (0.0011866)
155.0609232 0.0001131973546 12 (0.0001132)
175.0507525 4.659094204e-05 9 (4.6591e-05)
181.0401878 0.00267631564 7 (0.0026763)
181.0765733 0.02713128107 3 (0.027131)
199.0507525 0.02093610925 10 (0.020936)
207.0558378 1.60563052 4 (1.6056)
225.0664025 1.544447575 2 (1.5444)
251.0456671 22.24582791 6 (22.246)
269.0562318 74.54033129 0 (74.54)
energy1
44.99765427 0.0512385054 1 (0.051239)
51.0234751 0.0308013178 5 (0.030801)
95.01330434 0.06854246609 8 (0.068542)
153.0452732 0.09086333646 11 (0.090863)
155.0609232 0.03322636478 12 (0.033226)
175.0507525 0.02258826824 9 (0.022588)
181.0401878 0.2200155828 7 (0.22002)
181.0765733 0.4549142474 3 (0.45491)
199.0507525 0.4234969395 10 (0.4235)
207.0558378 13.70805272 4 (13.708)
225.0664025 12.60052884 2 (12.601)
251.0456671 34.03294918 6 (34.033)
269.0562318 38.26278223 0 (38.263)
energy2
44.99765427 0.6894648649 1 (0.68946)
51.0234751 1.964478699 5 (1.9645)
95.01330434 1.219929445 8 (1.2199)
153.0452732 3.359309925 11 (3.3593)
155.0609232 0.8166957712 12 (0.8167)
175.0507525 0.7000411153 9 (0.70004)
181.0401878 3.339155017 7 (3.3392)
181.0765733 3.345616086 3 (3.3456)
199.0507525 3.428311166 10 (3.4283)
207.0558378 38.82941774 4 (38.829)
225.0664025 11.05969866 2 (11.06)
251.0456671 19.88684351 6 (19.887)
269.0562318 11.361038 0 (11.361)

0 269.0562318 O=C(O)C1=CC=CC2=NC3=C(C(=O)O)C=CC=C3N=C21
1 44.99765427 O=C=[OH+]
2 225.0664025 OC(=[OH+])c1cccc2c1NC1=CC=C=CC1=N2
3 181.0765733 C1=CC=[CH+]2Nc3ccccc3N=C2C=1
4 207.0558378 [OH+]=C=C1C=C=CC2=C1NC1=CC=C=CC1=N2
5 51.0234751 C#CC#[CH2+]
6 251.0456671 O=C=C1C=C=CC2=C1NC1=CC=C=C(C(O)=[OH+])C1=N2
7 181.0401878 C#Cc1cnc2c(n1)C(=C=[OH+])C=C=C2
8 95.01330434 C#CC#CC(O)=[OH+]
9 175.0507525 OC(=[OH+])C1=C=CC=C2NC=CN=C12
10 199.0507525 C#CC1=CNC2=CC=C=C(C(O)=[OH+])C2=N1
11 153.0452732 [CH2+]#CC1=C=NC2=CC=C=CC2=N1
12 155.0609232 [CH2+]#CC1=CNC2=CC=C=CC2=N1
