energy0
18.03437413 0.06963919907 8 (0.069639)
44.01363868 0.00999024407 1 (0.0099902)
51.0234751 0.01200707737 3 (0.012007)
76.01872406 4.799533854e-05 7 (4.7995e-05)
94.02928875 0.001322546798 16 (0.0013225)
131.0609232 0.0001389730182 5 (0.00013897)
155.0609232 0.03827680016 4 (0.038277)
157.0401878 1.55650521e-05 10 (1.5565e-05)
174.0667369 0.0002676578626 13 (0.00026766)
181.0401878 0.005528187058 11 12 (0.0027641 0.0027641)
181.0765733 0.5459469824 2 (0.54595)
198.0667369 0.01664456302 14 15 (0.0083223 0.0083223)
206.0718223 1.662214602 6 (1.6622)
207.0558378 47.23352341 9 (47.234)
224.0823869 50.40443619 0 (50.404)
energy1
18.03437413 0.005599029039 8 (0.005599)
44.01363868 0.05694212988 1 (0.056942)
51.0234751 0.1938710085 3 (0.19387)
76.01872406 0.007493184435 7 (0.0074932)
94.02928875 0.02765952512 16 (0.02766)
131.0609232 0.005220861612 5 (0.0052209)
155.0609232 0.2246288213 4 (0.22463)
157.0401878 0.01898019739 10 (0.01898)
174.0667369 0.00342107115 13 (0.0034211)
181.0401878 0.2039002684 11 12 (0.10195 0.10195)
181.0765733 24.83088664 2 (24.831)
198.0667369 0.1130841325 14 15 (0.056542 0.056542)
206.0718223 3.066773418 6 (3.0668)
207.0558378 62.44444947 9 (62.444)
224.0823869 8.797090239 0 (8.7971)
energy2
18.03437413 0.1323108755 8 (0.13231)
44.01363868 0.343630754 1 (0.34363)
51.0234751 12.2274593 3 (12.227)
76.01872406 0.6315578199 7 (0.63156)
94.02928875 0.2767656019 16 (0.27677)
131.0609232 1.183909444 5 (1.1839)
155.0609232 4.935625376 4 (4.9356)
157.0401878 0.1508019495 10 (0.1508)
174.0667369 0.2894706138 13 (0.28947)
181.0401878 2.260632435 11 12 (1.1303 1.1303)
181.0765733 4.754507531 2 (4.7545)
198.0667369 0.3268890232 14 15 (0.16344 0.16344)
206.0718223 9.619441137 6 (9.6194)
207.0558378 60.25679314 9 (60.257)
224.0823869 2.610204997 0 (2.6102)

0 224.0823869 NC(=O)C1=CC=CC2=NC3=CC=CC=C3N=C21
1 44.01363868 [NH2+]=C=O
2 181.0765733 C1=CC=[CH+]2Nc3ccccc3N=C2C=1
3 51.0234751 C#C[CH+]#C
4 155.0609232 C#[CH+]c1cnc2ccccc2n1
5 131.0609232 c1ccc2c(c1)N=C[CH2+]=N2
6 206.0718223 [NH+]#CC1=C2Nc3ccccc3N=C2C=C=C1
7 76.01872406 C#CC#CC#[NH+]
8 18.03437413 [NH4+]
9 207.0558378 [OH+]=C=C1C=C=Cc2nc3ccccc3nc21
10 157.0401878 [OH+]=C=C1C=C=Cc2nccnc21
11 181.0401878 C#Cc1cnc2c(n1)C(=C=[OH+])C=C=C2
12 181.0401878 C#Cc1cnc2c(n1)C=C=CC2=C=[OH+]
13 174.0667369 [NH3+]C(=O)C1=C2NC=CN=C2C=C=C1
14 198.0667369 C#CC1=CN=C2C=C=CC(C([NH3+])=O)=C2N1
15 198.0667369 C#CC1=CNC2=C(C([NH3+])=O)C=C=CC2=N1
16 94.02928875 C#CC#CC([NH3+])=O
