energy0
27.0234751 3.82707601e-05 14 (3.8271e-05)
41.03912516 0.009430891963 26 (0.0094309)
51.0234751 0.0003200411971 2 (0.00032004)
52.01872406 2.228490324e-06 15 (2.2285e-06)
67.01838972 0.006244835412 6 (0.0062448)
69.03403978 0.005847404239 7 (0.0058474)
93.03403978 1.83703499e-05 9 (1.837e-05)
105.0452732 7.288537189e-08 19 (7.2885e-08)
108.0449388 1.939883733e-06 21 (1.9399e-06)
120.0449388 1.105704399e-06 16 (1.1057e-06)
129.0452732 2.79282719e-05 18 5 (2.1401e-05 6.5273e-06)
132.0449388 0.0001510078984 12 (0.00015101)
144.0449388 5.355016579e-05 17 (5.355e-05)
145.0401878 0.000932414047 8 (0.00093241)
146.0242034 3.320426901e-06 30 (3.3204e-06)
147.0558378 0.0003064151697 10 (0.00030642)
156.0449388 1.181340109e-05 22 (1.1813e-05)
159.0558378 0.03715548129 11 (0.037155)
169.0401878 0.03078990251 3 4 (0.0305 0.0002896)
171.0558378 0.09134541666 13 (0.091345)
173.0351024 0.02215052548 25 (0.022151)
183.0558378 0.02914941958 20 (0.029149)
185.0351024 0.03276378534 28 (0.032764)
187.0507525 0.04476286333 27 24 (0.032057 0.012706)
195.0558378 2.127916561 1 (2.1279)
197.0351024 0.08970255607 29 23 (0.079333 0.010369)
213.0664025 97.47087188 0 (97.471)
energy1
27.0234751 0.0002749585813 14 (0.00027496)
41.03912516 0.05044049446 26 (0.05044)
51.0234751 0.03855588587 2 (0.038556)
52.01872406 0.0002414931865 15 (0.00024149)
67.01838972 1.781036336 6 (1.781)
69.03403978 0.427384338 7 (0.42738)
93.03403978 0.004565953578 9 (0.004566)
105.0452732 0.0004445154799 19 (0.00044452)
108.0449388 0.0009366055435 21 (0.00093661)
120.0449388 0.0120821875 16 (0.012082)
129.0452732 0.03696330097 5 18 (0.033628 0.0033353)
132.0449388 0.003761909492 12 (0.0037619)
144.0449388 0.007649823027 17 (0.0076498)
145.0401878 0.628859942 8 (0.62886)
146.0242034 0.0007608194644 30 (0.00076082)
147.0558378 0.1222920692 10 (0.12229)
156.0449388 0.004696883339 22 (0.0046969)
159.0558378 0.1019623688 11 (0.10196)
169.0401878 1.156976034 3 4 (1.1269 0.03006)
171.0558378 1.060456214 13 (1.0605)
173.0351024 0.01093613402 25 (0.010936)
183.0558378 1.507647582 20 (1.5076)
185.0351024 0.2313143498 28 (0.23131)
187.0507525 0.981563332 24 27 (0.68793 0.29364)
195.0558378 7.287398754 1 (7.2874)
197.0351024 0.2524000022 29 23 (0.13939 0.11301)
213.0664025 84.28839772 0 (84.288)
energy2
27.0234751 0.2681400109 14 (0.26814)
41.03912516 3.841471479 26 (3.8415)
51.0234751 8.70785898 2 (8.7079)
52.01872406 0.9657473922 15 (0.96575)
67.01838972 5.286871831 6 (5.2869)
69.03403978 1.605986981 7 (1.606)
93.03403978 1.44233621 9 (1.4423)
105.0452732 0.2043141278 19 (0.20431)
108.0449388 0.2721054917 21 (0.27211)
120.0449388 0.1789808759 16 (0.17898)
129.0452732 2.356602324 5 18 (1.4953 0.86133)
132.0449388 0.6656469324 12 (0.66565)
144.0449388 0.3166635145 17 (0.31666)
145.0401878 2.026303761 8 (2.0263)
146.0242034 0.1231672752 30 (0.12317)
147.0558378 1.883207899 10 (1.8832)
156.0449388 0.2785015248 22 (0.2785)
159.0558378 2.461977188 11 (2.462)
169.0401878 8.973373123 3 4 (8.3034 0.66995)
171.0558378 7.221165922 13 (7.2212)
173.0351024 0.6980314227 25 (0.69803)
183.0558378 6.827787413 20 (6.8278)
185.0351024 0.586894393 28 (0.58689)
187.0507525 0.8090393087 24 27 (0.41683 0.39221)
195.0558378 23.03833822 1 (23.038)
197.0351024 3.865639958 29 23 (2.4663 1.3993)
213.0664025 15.09384644 0 (15.094)

0 213.0664025 OC1=CC=CC2=NC3=C(C=CC=C3O)N=C12
1 195.0558378 [OH+]=C1C=C=Cc2nc3ccccc3nc21
2 51.0234751 C#CC#[CH2+]
3 169.0401878 C#Cc1cnc2c(n1)C(=[OH+])C=C=C2
4 169.0401878 C#Cc1cnc2c(n1)C=C=CC2=[OH+]
5 129.0452732 C1=CC=CC2=N[CH2+]=C=NC=12
6 67.01838972 C#CC#C[OH2+]
7 69.03403978 CC=C=C=[OH+]
8 145.0401878 [OH+]=C1C=C=Cc2nccnc21
9 93.03403978 [OH+]=C1C=C=CC=C1
10 147.0558378 [OH+]=C1C=C=CC2=NC=CNC12
11 159.0558378 C=c1cnc2c(n1)C(=[OH+])C=CC=2
12 132.0449388 C#C[NH+]=C1C=CC=CC1=O
13 171.0558378 C#CC1=CN=C2C=C=CC(=[OH+])C2N1
14 27.0234751 C#[CH2+]
15 52.01872406 C#CC#[NH+]
16 120.0449388 C=[NH+]C1=CC(=O)C=C=C1
17 144.0449388 C#CC=[NH+]C1=CC=C=CC1=O
18 129.0452732 C#Cc1cnc(C#[CH2+])cn1
19 105.0452732 [CH2+]#Cc1cnccn1
20 183.0558378 C#CC=c1cnc2c(n1)C(=[OH+])C=CC=2
21 108.0449388 [NH2+]=C1C=CC=CC1=O
22 156.0449388 C#CC#C[NH+]=C1C=CC=CC1=O
23 197.0351024 C#CC(=[OH+])c1cnc2c(n1)C=C=CC2=O
24 187.0507525 CC(=[OH+])c1cnc2c(n1)C=C=CC2=O
25 173.0351024 O=C1C=C=Cc2nc(C=[OH+])cnc21
26 41.03912516 [CH2+]#CC
27 187.0507525 C=C1N=C2C(=O)C=C=CC2=NC1C=[OH+]
28 185.0351024 C=c1nc2c(nc1=C=[OH+])C=C=CC2=O
29 197.0351024 C#Cc1nc2c(nc1C=[OH+])C=C=CC2=O
30 146.0242034 O=C=C=[NH+]C1=CC(=O)C=C=C1
