energy0
27.0234751 0.002373508025 14 (0.0023735)
29.03912516 0.0490255547 28 (0.049026)
41.03912516 0.005563286254 6 (0.0055633)
43.01838972 0.03434567143 8 (0.034346)
45.03403978 0.1138873575 13 (0.11389)
75.0234751 0.003588335505 30 (0.0035883)
77.03912516 0.001873504901 29 (0.0018735)
95.04968984 0.001805282442 23 (0.0018053)
179.0609232 0.04383545373 10 31 (0.039472 0.004363)
181.0401878 0.01338939718 24 (0.013389)
181.0765733 0.02370854521 11 32 (0.019396 0.0043121)
183.0558378 0.003888513505 7 (0.0038885)
197.0714879 0.009662847699 25 (0.0096628)
199.0507525 0.0504317297 5 (0.050432)
199.087138 0.01035435248 41 (0.010354)
201.0664025 0.007479678633 33 (0.0074797)
205.0765733 7.516734855 16 (7.5167)
207.0558378 0.06468549057 12 (0.064685)
207.0922234 0.9751887531 20 (0.97519)
209.0714879 0.05307552722 3 (0.053076)
223.0507525 0.3599662091 2 (0.35997)
223.087138 7.388439549 15 (7.3884)
225.0664025 0.2493860326 9 (0.24939)
225.102788 0.7349628557 19 (0.73496)
229.0613171 0.01381033338 36 (0.01381)
233.0714879 7.546083418 22 (7.5461)
235.0507525 0.3074858474 4 39 (0.30378 0.0037079)
243.0769672 0.02598209058 35 42 40 37 (0.007267 0.007267 0.006869 0.0045791)
251.0820526 41.04413075 27 21 (30.888 10.157)
253.0613171 1.306837754 1 38 34 (1.2969 0.0052072 0.0046849)
269.0926173 32.03801751 0 (32.038)
energy1
29.03912516 0.01925498401 28 (0.019255)
43.01838972 0.02455249639 8 (0.024552)
45.03403978 0.2417674304 13 (0.24177)
51.0234751 0.03123195008 18 (0.031232)
75.0234751 0.02163904982 30 (0.021639)
77.03912516 0.06405403954 29 (0.064054)
95.01330434 0.02424524769 43 (0.024245)
95.04968984 0.03960467052 23 (0.039605)
97.0289544 0.01639433012 44 (0.016394)
179.0609232 0.8729536576 10 31 (0.64072 0.23223)
181.0401878 0.02528149389 24 (0.025281)
181.0765733 0.3364233948 11 32 (0.21818 0.11824)
183.0558378 0.01191928187 7 (0.011919)
197.0714879 0.2355894668 25 (0.23559)
199.0507525 0.03966839749 5 (0.039668)
199.087138 0.2035500229 41 (0.20355)
205.0765733 13.84464187 16 (13.845)
207.0558378 1.094633778 12 (1.0946)
207.0922234 6.127434043 20 (6.1274)
209.0714879 0.5538714725 3 (0.55387)
223.0507525 0.7987704603 2 (0.79877)
223.087138 12.88542293 15 (12.885)
225.0664025 2.470950606 9 (2.471)
225.102788 4.023144939 19 (4.0231)
229.0613171 0.01001142937 36 (0.010011)
233.0714879 14.45121862 22 (14.451)
235.0507525 0.4335504565 4 39 (0.39105 0.0425)
243.0769672 0.6238235365 37 40 35 42 (0.21915 0.14347 0.13061 0.13061)
251.0820526 27.68029969 27 21 (17.36 10.32)
253.0613171 0.9037188393 1 38 34 (0.82949 0.044468 0.029765)
269.0926173 11.89037741 0 (11.89)
energy2
29.03912516 0.2290521195 28 (0.22905)
41.03912516 0.7466370431 6 (0.74664)
43.01838972 0.74016462 8 (0.74016)
45.03403978 1.096219635 13 (1.0962)
51.0234751 0.9865968214 18 (0.9866)
75.0234751 1.496548005 30 (1.4965)
77.03912516 0.6021324387 29 (0.60213)
93.03403978 0.2684421472 17 (0.26844)
97.0289544 0.258239876 44 (0.25824)
179.0609232 3.587541955 31 10 (2.7776 0.8099)
181.0401878 0.4486370449 24 (0.44864)
181.0765733 1.826964652 32 11 (1.6694 0.15757)
183.0558378 0.962047296 7 (0.96205)
197.0714879 1.099420244 25 (1.0994)
199.0507525 0.278045244 5 (0.27805)
199.087138 0.2325060989 41 (0.23251)
201.0664025 0.1725783574 33 (0.17258)
205.0765733 42.01601046 16 (42.016)
207.0558378 0.3057913918 12 (0.30579)
207.0922234 8.745515107 20 (8.7455)
209.0714879 4.884206233 3 (4.8842)
223.0507525 0.6109634177 2 (0.61096)
223.087138 4.429610315 15 (4.4296)
225.102788 0.8719948675 19 (0.87199)
229.0613171 0.1708352796 36 (0.17084)
233.0714879 6.772168872 22 (6.7722)
235.0507525 4.390490406 4 39 (4.1552 0.23527)
243.0769672 0.633709889 35 42 40 37 (0.19388 0.19388 0.15609 0.089849)
251.0820526 7.544472485 27 21 (5.475 2.0695)
253.0613171 3.140463017 1 34 38 (2.9187 0.18668 0.035079)
269.0926173 0.451994663 0 (0.45199)

0 269.0926173 CC(O)C1=CC=CC2=C1N=C1C=CC=C(C(=O)O)C1=N2
1 253.0613171 O=C=c1cccc2c1=Nc1cccc(C(O)=[OH+])c1N2
2 223.0507525 OC(=[OH+])C1=c2nc3c(nc2C=C=C1)=C=CC=C3
3 209.0714879 [OH+]=C=c1cccc2c1=Nc1ccccc1N2
4 235.0507525 O=C=c1cccc2nc3c(cccc3=C=[OH+])nc21
5 199.0507525 C#CC1=CN=C2C=C=CC(C(O)=[OH+])=C2N1
6 41.03912516 [CH2+]#CC
7 183.0558378 C=C=c1cnc2cccc(=C=[OH+])c2n1
8 43.01838972 C#C[OH2+]
9 225.0664025 OC(=[OH+])C1=C2NC3C=CC=C=C3N=C2C=C=C1
10 179.0609232 C1=CC=[CH+]2N=C3C=CC=C=C3N=C2C=1
11 181.0765733 C1=CC=[CH+]2NC3C=CC=C=C3N=C2C=1
12 207.0558378 [OH+]=C=C1C=C=Cc2nc3ccccc3nc21
13 45.03403978 C=C[OH2+]
14 27.0234751 C#[CH2+]
15 223.087138 C=C([OH2+])c1cccc2c1N=C1C=C=CC=C1N2
16 205.0765733 [CH2+]#Cc1cccc2c1N=C1C=C=CC=C1N2
17 93.03403978 C#CC#CC(=C)[OH2+]
18 51.0234751 C#CC#[CH2+]
19 225.102788 C=C([OH2+])c1cccc2c1N=C1C=C=CCC1N2
20 207.0922234 [CH2+]#Cc1cccc2c1N=C1C=C=CCC1N2
21 251.0820526 C=C(O)c1cccc2nc3c(nc21)C=C=CC3=C[OH2+]
22 233.0714879 C#Cc1cccc2nc3c(nc12)C=C=CC3=C[OH2+]
23 95.04968984 C=CC#CC(=C)[OH2+]
24 181.0401878 C#Cc1cnc2c(n1)C(=C=[OH+])C=C=C2
25 197.0714879 C#Cc1cnc2cccc(C(=C)[OH2+])c2n1
26 79.01838972 C#CC#CC=[OH+]
27 251.0820526 C#Cc1cccc2c1N=C1C=C=CC(C(O)[OH2+])=C1N2
28 29.03912516 C=[CH3+]
29 77.03912516 C=CC#CC#[CH2+]
30 75.0234751 C#CC#CC#[CH2+]
31 179.0609232 C#Cc1cnc2cccc(C#[CH2+])c2n1
32 181.0765733 C#CC1=Nc2c(C#[CH2+])cccc2NC1
33 201.0664025 C#CC1=CN=C2C=C=CC(C(O)[OH2+])=C2N1
34 253.0613171 C#CC(C(=C)O)=c1cnc2c(n1)C=C=CC=2C(O)=[OH+]
35 243.0769672 C=C(O)C(=C)C1=CNC2=C(C(O)=[OH+])C=C=CC2=N1
36 229.0613171 C=C(O)C=c1cnc2c(n1)C=C=CC=2C(O)=[OH+]
37 243.0769672 C=C(O)C=C1N=C2C=C=CC(C(O)=[OH+])=C2NC1=C
38 253.0613171 C#Cc1nc2c(nc1=CC(=C)O)C=C=CC=2C(O)=[OH+]
39 235.0507525 C#CC=c1nc2c(nc1C#C)=C(C(O)=[OH+])C=C=C2
40 243.0769672 C=C(O)c1cccc2nc(=C=C(O)[OH2+])c(=C)nc21
41 199.087138 C#CC1=Nc2c(cccc2C(=C)[OH2+])NC1
42 243.0769672 C=C(O)c1cccc2nc(C(=C)C(O)=[OH+])cnc21
43 95.01330434 C#CC#CC(O)=[OH+]
44 97.0289544 C#CC#CC(O)[OH2+]
